1, 2543958859
1, 2543958940
1, 2543959041
1, 2543959140
1, 2543959242
1, 2543959354
1, 2543959440
1, 2543959541
1, 2543959642
1, 2543959741
1, 2543959841
1, 2543959941
1, 2543960041
1, 2543960142
1, 2543960242
1, 2543960347
1, 2543960447
1, 2543960547
1, 2543960647
1, 2543960747
1, 2543960850
1, 2543960948
1, 2543961074
1, 2543961147
1, 2543961264
1, 2543961366
1, 2543961470
1, 2543961564
1, 2543961660
1, 2543961772
1, 2543961866
1, 2543961967
1, 2543962063
1, 2543962163
1, 2543962270
1, 2543962370
1, 2543962481
1, 2543962562
1, 2543962673
1, 2543962762
1, 2543962883
1, 2543962959
1, 2543963079
1, 2543963164
1, 2543963282
1, 2543963365
1, 2543963485
1, 2543963569
1, 2543963676
1, 2543963757
1, 2543963854
1, 2543963976
1, 2543964060
1, 2543964167
1, 2543964255
1, 2543964357
1, 2543964459
1, 2543964563
1, 2543964676
1, 2543964771
1, 2543964860
1, 2543964962
1, 2543965060
1, 2543965159
1, 2543965264
1, 2543965362
1, 2543965461
1, 2543965561
1, 2543965661
1, 2543965761
1, 2543965861
1, 2543965961
1, 2543966061
1, 2543966161
1, 2543966261
1, 2543966361
1, 2543966465
1, 2543966566
1, 2543966666
1, 2543966766
1, 2543966866
1, 2543966966
1, 2543967067
1, 2543967167
1, 2543967268
1, 2543967367
1, 2543967467
1, 2543967568
1, 2543967668
1, 2543967768
1, 2543967868
1, 2543967968
1, 2543968068
1, 2543968169
1, 2543968269
1, 2543968369
1, 2543968478
1, 2543968572
1, 2543968675
1, 2543968800
1, 2543968874
1, 2543968974
1, 2543969073
1, 2543969174
1, 2543969273
1, 2543969373
1, 2543969475
1, 2543969575
1, 2543969675
1, 2543969775
1, 2543969875
1, 2543969975
1, 2543970076
1, 2543970180
1, 2543970276
1, 2543970376
1, 2543970479
1, 2543970579
1, 2543970680
1, 2543970783
1, 2543970880
1, 2543970980
1, 2543971081
1, 2543971182
1, 2543971281
1, 2543971382
1, 2543971481
1, 2543971580
1, 2543971683
1, 2543971781
1, 2543971882
1, 2543971981
1, 2543972082
1, 2543972181
1, 2543972282
1, 2543972383
1, 2543972486
1, 2543972586
1, 2543972686
1, 2543972786
1, 2543972886
1, 2543972987
1, 2543973086
1, 2543973190
1, 2543973290
1, 2543973389
1, 2543973487
1, 2543973587
1, 2543973691
1, 2543973787
1, 2543973921
1, 2543973986
1, 2543974087
1, 2543974188
1, 2543974290
1, 2543974387
1, 2543974491
1, 2543974591
1, 2543974692
1, 2543974792
1, 2543974893
1, 2543974992
1, 2543975092
1, 2543975192
1, 2543975292
1, 2543975392
1, 2543975494
1, 2543975593
1, 2543975695
1, 2543975795
1, 2543975894
1, 2543975999
1, 2543976094
1, 2543976198
1, 2543976294
1, 2543976393
1, 2543976497
1, 2543976601
1, 2543976698
1, 2543976825
1, 2543976916
1, 2543977020
1, 2543977117
1, 2543977225
1, 2543977315
1, 2543977427
1, 2543977516
1, 2543977620
1, 2543977732
1, 2543977813
1, 2543977904
1, 2543978000
1, 2543978100
1, 2543978228
1, 2543978310
1, 2543978421
1, 2543978515
1, 2543978632
1, 2543978710
1, 2543978827
1, 2543978918
1, 2543979020
1, 2543979120
1, 2543979226
1, 2543979321
1, 2543979421
1, 2543979521
1, 2543979631
1, 2543979712
1, 2543979806
1, 2543979909
1, 2543980044
1, 2543980115
1, 2543980223
1, 2543980347
1, 2543980417
1, 2543980541
1, 2543980626
1, 2543980712
1, 2543980811
1, 2543980911
1, 2543981012
1, 2543981113
1, 2543981250
1, 2543981320
1, 2543981446
1, 2543981522
1, 2543981648
1, 2543981724
1, 2543981812
1, 2543981925
1, 2543982031
1, 2543982128
1, 2543982216
1, 2543982318
1, 2543982418
1, 2543982518
1, 2543982619
1, 2543982718
1, 2543982817
1, 2543982917
1, 2543983017
1, 2543983118
1, 2543983218
1, 2543983319
1, 2543983418
1, 2543983519
1, 2543983620
1, 2543983719
1, 2543983819
1, 2543983922
1, 2543984019
1, 2543984123
1, 2543984224
1, 2543984324
1, 2543984423
1, 2543984524
1, 2543984624
1, 2543984723
1, 2543984825
1, 2543984926
1, 2543985024
1, 2543985124
1, 2543985225
1, 2543985325
1, 2543985425
1, 2543985529
1, 2543985625
1, 2543985725
1, 2543985824
1, 2543985926
1, 2543986026
1, 2543986134
1, 2543986230
1, 2543986331
1, 2543986430
1, 2543986530
1, 2543986630
1, 2543986731
1, 2543986830
1, 2543986931
1, 2543987030
1, 2543987129
1, 2543987230
1, 2543987331
1, 2543987431
1, 2543987534
1, 2543987630
1, 2543987731
1, 2543987831
1, 2543987932
1, 2543988030
1, 2543988135
1, 2543988236
1, 2543988336
1, 2543988435
1, 2543988536
1, 2543988636
1, 2543988736
1, 2543988835
1, 2543988937
1, 2543989041
1, 2543989136
1, 2543989237
1, 2543989336
1, 2543989437
1, 2543989541
1, 2543989650
1, 2543989764
1, 2543989841
1, 2543989938
1, 2543990039
1, 2543990139
1, 2543990243
1, 2543990342
1, 2543990443
1, 2543990543
1, 2543990643
1, 2543990743
1, 2543990843
1, 2543990943
1, 2543991043
1, 2543991143
1, 2543991243
1, 2543991343
1, 2543991444
1, 2543991542
1, 2543991644
1, 2543991744
1, 2543991843
1, 2543991944
1, 2543992048
1, 2543992144
1, 2543992248
1, 2543992348
1, 2543992448
1, 2543992548
1, 2543992652
1, 2543992749
1, 2543992849
1, 2543992952
1, 2543993077
1, 2543993167
1, 2543993249
1, 2543993349
1, 2543993449
1, 2543993572
1, 2543993649
1, 2543993749
1, 2543993849
1, 2543993949
1, 2543994049
1, 2543994151
1, 2543994254
1, 2543994354
1, 2543994453
1, 2543994554
1, 2543994654
1, 2543994755
1, 2543994856
1, 2543994955
1, 2543995055
1, 2543995155
1, 2543995270
1, 2543995355
1, 2543995455
1, 2543995555
1, 2543995656
1, 2543995761
1, 2543995871
1, 2543995975
1, 2543996072
1, 2543996175
1, 2543996268
1, 2543996360
1, 2543996461
1, 2543996560
1, 2543996661
1, 2543996783
1, 2543996861
1, 2543996982
1, 2543997061
1, 2543997170
1, 2543997261
1, 2543997361
1, 2543997465
1, 2543997562
1, 2543997683
1, 2543997761
1, 2543997861
1, 2543997962
1, 2543998062
1, 2543998163
1, 2543998266
1, 2543998366
1, 2543998466
1, 2543998566
1, 2543998670
1, 2543998768
1, 2543998869
1, 2543998968
1, 2543999068
1, 2543999167
1, 2543999267
1, 2543999368
1, 2543999495
1, 2543999572
1, 2543999668
1, 2543999804
1, 2543999876
1, 2543999969
1, 2544000097
1, 2544000168
1, 2544000302
1, 2544000386
1, 2544000505
1, 2544000582
1, 2544000709
1, 2544000772
1, 2544000872
1, 2544000973
1, 2544001073
1, 2544001172
1, 2544001273
1, 2544001373
1, 2544001473
1, 2544001574
1, 2544001678
1, 2544001774
1, 2544001899
1, 2544001974
1, 2544002074
1, 2544002175
1, 2544002275
1, 2544002378
1, 2544002478
1, 2544002579
1, 2544002678
1, 2544002778
1, 2544002877
1, 2544002978
1, 2544003078
1, 2544003178
1, 2544003279
1, 2544003379
1, 2544003479
1, 2544003581
1, 2544003708
1, 2544003800
1, 2544003906
1, 2544003994
1, 2544004087
1, 2544004180
1, 2544004296
1, 2544004383
1, 2544004484
1, 2544004588
1, 2544004683
1, 2544004783
1, 2544004883
1, 2544004984
1, 2544005085
1, 2544005185
1, 2544005284
1, 2544005384
1, 2544005484
1, 2544005584
1, 2544005685
1, 2544005785
1, 2544005891
1, 2544005986
1, 2544006086
1, 2544006190
1, 2544006286
1, 2544006390
1, 2544006490
1, 2544006591
1, 2544006691
1, 2544006791
1, 2544006891
1, 2544007012
1, 2544007091
1, 2544007191
1, 2544007292
1, 2544007392
1, 2544007492
1, 2544007595
1, 2544007691
1, 2544007791
1, 2544007892
1, 2544007992
1, 2544008096
1, 2544008194
1, 2544008293
1, 2544008420
1, 2544008507
1, 2544008618
1, 2544008716
1, 2544008826
1, 2544008897
1, 2544008997
1, 2544009122
1, 2544009209
1, 2544009297
1, 2544009397
1, 2544009502
1, 2544009622
1, 2544009708
1, 2544009813
1, 2544009914
1, 2544010026
1, 2544010097
1, 2544010197
1, 2544010299
1, 2544010407
1, 2544010503
1, 2544010638
1, 2544010702
1, 2544010803
1, 2544010923
1, 2544011012
1, 2544011124
1, 2544011215
1, 2544011303
1, 2544011404
1, 2544011505
1, 2544011608
1, 2544011723
1, 2544011804
1, 2544011931
1, 2544012028
1, 2544012126
1, 2544012233
1, 2544012304
1, 2544012448
1, 2544012523
1, 2544012626
1, 2544012729
0, 0
0, 0
0, 0
0, 0
0, 0
0, 0
0, 0
0, 0
0, 0
0, 0
0, 0
0, 0
0, 0
0, 0
0, 0
0, 0
0, 0
0, 0
0, 0
0, 0
0, 0
0, 0
0, 0
0, 0
0, 0
0, 0
0, 0
0, 0
0, 0
0, 0
0, 0
0, 0
0, 0
0, 0
0, 0
1, 2544016315
1, 2544016415
1, 2544016519
1, 2544016619
1, 2544016725
1, 2544016852
1, 2544016930
1, 2544017038
1, 2544017131
1, 2544017245
1, 2544017341
1, 2544017438
1, 2544017538
1, 2544017631
1, 2544017729
1, 2544017838
1, 2544017932
1, 2544018039
1, 2544018131
1, 2544018230
1, 2544018341
1, 2544018429
1, 2544018558
1, 2544018632
1, 2544018726
1, 2544018826
1, 2544018926
1, 2544019024
1, 2544019125
1, 2544019226
1, 2544019361
1, 2544019433
1, 2544019542
1, 2544019627
1, 2544019725
1, 2544019826
1, 2544019926
1, 2544020042
1, 2544020133
1, 2544020226
1, 2544020348
1, 2544020450
1, 2544020542
1, 2544020646
1, 2544020747
1, 2544020848
1, 2544020947
1, 2544021030
1, 2544021131
1, 2544021230
1, 2544021331
1, 2544021431
1, 2544021532
1, 2544021631
1, 2544021731
1, 2544021831
1, 2544021932
1, 2544022031
1, 2544022132
1, 2544022252
1, 2544022352
1, 2544022432
1, 2544022536
1, 2544022637
1, 2544022736
1, 2544022837
1, 2544022941
1, 2544023037
1, 2544023137
1, 2544023255
1, 2544023336
1, 2544023437
1, 2544023538
1, 2544023638
1, 2544023753
1, 2544023838
1, 2544023937
1, 2544024037
1, 2544024139
1, 2544024239
1, 2544024338
1, 2544024439
1, 2544024538
1, 2544024643
1, 2544024743
1, 2544024842
1, 2544024943
1, 2544025043
1, 2544025143
1, 2544025243
1, 2544025344
1, 2544025444
1, 2544025544
1, 2544025643
1, 2544025747
1, 2544025845
1, 2544025944
1, 2544026044
1, 2544026143
1, 2544026247
1, 2544026345
1, 2544026474
1, 2544026552
1, 2544026671
1, 2544026753
1, 2544026867
1, 2544026963
1, 2544027065
1, 2544027154
1, 2544027251
1, 2544027349
1, 2544027449
1, 2544027551
1, 2544027649
1, 2544027749
1, 2544027853
1, 2544027950
1, 2544028050
1, 2544028150
1, 2544028249
1, 2544028349
1, 2544028489
1, 2544028560
1, 2544028685
1, 2544028764
1, 2544028887
1, 2544028967
1, 2544029075
1, 2544029170
1, 2544029271
1, 2544029354
1, 2544029455
1, 2544029555
1, 2544029655
1, 2544029759
1, 2544029863
1, 2544029985
1, 2544030066
1, 2544030180
1, 2544030271
1, 2544030371
1, 2544030471
1, 2544030577
1, 2544030677
1, 2544030773
1, 2544030885
1, 2544030984
1, 2544031079
1, 2544031177
1, 2544031275
1, 2544031394
1, 2544031461
1, 2544031561
1, 2544031663
1, 2544031763
1, 2544031862
1, 2544031962
1, 2544032061
1, 2544032161
1, 2544032263
1, 2544032378
1, 2544032478
1, 2544032563
1, 2544032665
1, 2544032767
1, 2544032867
1, 2544032970
1, 2544033068
1, 2544033168
1, 2544033268
1, 2544033368
1, 2544033472
1, 2544033575
1, 2544033668
1, 2544033794
1, 2544033886
1, 2544033993
1, 2544034067
1, 2544034167
1, 2544034267
1, 2544034367
1, 2544034502
1, 2544034576
1, 2544034706
1, 2544034783
1, 2544034903
1, 2544034988
1, 2544035098
1, 2544035184
1, 2544035298
1, 2544035390
1, 2544035504
1, 2544035572
1, 2544035703
1, 2544035791
1, 2544035908
1, 2544035978
1, 2544036072
1, 2544036172
1, 2544036274
1, 2544036372
1, 2544036500
1, 2544036588
1, 2544036686
1, 2544036779
1, 2544036877
1, 2544036980
1, 2544037077
1, 2544037177
1, 2544037277
1, 2544037377
1, 2544037477
1, 2544037577
1, 2544037678
1, 2544037789
1, 2544037885
1, 2544037978
1, 2544038104
1, 2544038183
1, 2544038278
1, 2544038378
1, 2544038478
1, 2544038611
1, 2544038687
1, 2544038782
1, 2544038884
1, 2544039012
1, 2544039097
1, 2544039213
1, 2544039302
1, 2544039410
1, 2544039505
1, 2544039623
1, 2544039689
1, 2544039784
1, 2544039884
1, 2544039985
1, 2544040124
1, 2544040194
1, 2544040321
1, 2544040394
1, 2544040520
1, 2544040595
1, 2544040713
1, 2544040807
1, 2544040917
1, 2544040999
1, 2544041088
1, 2544041189
1, 2544041289
1, 2544041387
1, 2544041488
1, 2544041588
1, 2544041689
1, 2544041820
1, 2544041900
1, 2544042013
1, 2544042107
1, 2544042209
1, 2544042289
1, 2544042417
1, 2544042494
1, 2544042590
1, 2544042690
1, 2544042793
1, 2544042898
1, 2544042993
1, 2544043093
1, 2544043198
1, 2544043293
1, 2544043421
1, 2544043500
1, 2544043593
1, 2544043694
1, 2544043795
1, 2544043895
1, 2544043997
1, 2544044093
1, 2544044195
1, 2544044294
1, 2544044399
1, 2544044499
1, 2544044595
1, 2544044696
1, 2544044799
1, 2544044900
1, 2544045000
1, 2544045100
1, 2544045200
1, 2544045298
1, 2544045399
1, 2544045500
1, 2544045599
1, 2544045700
1, 2544045805
1, 2544045900
1, 2544045999
1, 2544046101
1, 2544046200
1, 2544046299
1, 2544046400
1, 2544046500
1, 2544046600
1, 2544046700
1, 2544046804
1, 2544046907
1, 2544047010
1, 2544047106
1, 2544047209
1, 2544047306
1, 2544047406
1, 2544047506
1, 2544047608
1, 2544047710
1, 2544047806
1, 2544047934
1, 2544048018
1, 2544048136
1, 2544048212
1, 2544048307
1, 2544048434
1, 2544048535
1, 2544048628
1, 2544048729
1, 2544048833
1, 2544048933
1, 2544049026
1, 2544049129
1, 2544049235
1, 2544049311
1, 2544049411
1, 2544049511
1, 2544049611
1, 2544049740
1, 2544049812
1, 2544049939
1, 2544050021
1, 2544050112
1, 2544050212
1, 2544050312
1, 2544050413
1, 2544050518
1, 2544050613
1, 2544050749
1, 2544050821
1, 2544050916
1, 2544051017
1, 2544051116
1, 2544051216
1, 2544051318
1, 2544051418
1, 2544051516
1, 2544051618
1, 2544051722
1, 2544051818
1, 2544051919
1, 2544052018
1, 2544052149
1, 2544052227
1, 2544052347
1, 2544052440
1, 2544052548
1, 2544052631
1, 2544052749
1, 2544052822
1, 2544052921
1, 2544053023
1, 2544053122
1, 2544053223
1, 2544053322
1, 2544053425
1, 2544053554
1, 2544053635
1, 2544053757
1, 2544053822
1, 2544053924
1, 2544054022
1, 2544054123
1, 2544054222
1, 2544054322
1, 2544054422
1, 2544054523
1, 2544054624
1, 2544054726
1, 2544054823
1, 2544054928
1, 2544055028
1, 2544055128
1, 2544055228
1, 2544055328
1, 2544055428
1, 2544055528
1, 2544055628
1, 2544055728
1, 2544055828
1, 2544055928
1, 2544056029
1, 2544056128
1, 2544056228
1, 2544056328
1, 2544056429
1, 2544056531
1, 2544056648
1, 2544056728
1, 2544056828
1, 2544056934
1, 2544057034
1, 2544057134
1, 2544057234
1, 2544057339
1, 2544057434
1, 2544057535
1, 2544057639
1, 2544057758
1, 2544057833
1, 2544057935
1, 2544058034
1, 2544058136
1, 2544058234
1, 2544058336
1, 2544058435
1, 2544058536
1, 2544058634
1, 2544058734
1, 2544058834
1, 2544058939
1, 2544059038
1, 2544059139
1, 2544059239
1, 2544059340
1, 2544059439
1, 2544059540
1, 2544059639
1, 2544059739
1, 2544059840
1, 2544059939
1, 2544060039
1, 2544060141
1, 2544060241
1, 2544060339
1, 2544060442
1, 2544060541
1, 2544060642
1, 2544060740
1, 2544060841
1, 2544060946
1, 2544061045
1, 2544061146
1, 2544061246
1, 2544061348
1, 2544061445
1, 2544061545
1, 2544061645
1, 2544061747
1, 2544061849
1, 2544061945
1, 2544062046
1, 2544062146
1, 2544062266
1, 2544062347
1, 2544062464
1, 2544062555
1, 2544062646
1, 2544062747
1, 2544062847
1, 2544062947
1, 2544063051
1, 2544063151
1, 2544063249
1, 2544063350
1, 2544063452
1, 2544063551
1, 2544063650
1, 2544063750
1, 2544063851
1, 2544063954
1, 2544064054
1, 2544064151
1, 2544064250
1, 2544064351
1, 2544064452
1, 2544064552
1, 2544064651
1, 2544064751
1, 2544064852
1, 2544064951
1, 2544065057
1, 2544065156
1, 2544065255
1, 2544065355
1, 2544065456
1, 2544065555
1, 2544065658
1, 2544065760
1, 2544065856
1, 2544065955
1, 2544066056
1, 2544066156
1, 2544066256
1, 2544066361
1, 2544066457
1, 2544066561
1, 2544066657
1, 2544066757
1, 2544066857
1, 2544066962
1, 2544067062
1, 2544067162
1, 2544067262
1, 2544067362
1, 2544067462
1, 2544067561
1, 2544067663
1, 2544067765
1, 2544067877
1, 2544067961
1, 2544068063
1, 2544068185
1, 2544068262
1, 2544068363
1, 2544068463
1, 2544068594
1, 2544068671
1, 2544068762
1, 2544068865
1, 2544068965
1, 2544069066
1, 2544069171
1, 2544069268
1, 2544069367
1, 2544069467
1, 2544069607
1, 2544069676
1, 2544069800
1, 2544069877
1, 2544069997
1, 2544070078
1, 2544070202
1, 2544070273
1, 2544070391
1, 2544070478
1, 2544070568
1, 2544070668
1, 2544070769
1, 2544070867
1, 2544070971
1, 2544071073
1, 2544071172
1, 2544071272
1, 2544071372
1, 2544071478
1, 2544071573
1, 2544071672
1, 2544071803
1, 2544071878
1, 2544071988
1, 2544072083
1, 2544072207
1, 2544072280
1, 2544072374
1, 2544072505
1, 2544072577
1, 2544072673
1, 2544072784
1, 2544072873
1, 2544072974
1, 2544073078
1, 2544073178
1, 2544073277
1, 2544073377
1, 2544073479
1, 2544073578
1, 2544073683
1, 2544073779
1, 2544073879
1, 2544073978
1, 2544074083
1, 2544074203
1, 2544074301
1, 2544074399
1, 2544074507
1, 2544074592
1, 2544074715
1, 2544074794
1, 2544074914
1, 2544074985
1, 2544075079
1, 2544075183
1, 2544075318
1, 2544075394
1, 2544075507
1, 2544075602
1, 2544075703
1, 2544075799
1, 2544075909
1, 2544075983
1, 2544076084
1, 2544076218
1, 2544076294
1, 2544076416
1, 2544076486
1, 2544076583
1, 2544076685
1, 2544076784
1, 2544076883
1, 2544076984
1, 2544077084
1, 2544077188
1, 2544077288
1, 2544077388
1, 2544077488
1, 2544077588
1, 2544077688
1, 2544077789
1, 2544077888
1, 2544077989
1, 2544078089
1, 2544078189
1, 2544078288
1, 2544078389
1, 2544078494
1, 2544078590
1, 2544078690
1, 2544078822
1, 2544078904
1, 2544079018
1, 2544079101
1, 2544079230
1, 2544079303
1, 2544079394
1, 2544079493
1, 2544079594
1, 2544079698
1, 2544079793
1, 2544079895
1, 2544080031
1, 2544080106
1, 2544080220
1, 2544080306
1, 2544080394
1, 2544080518
1, 2544080602
1, 2544080722
1, 2544080799
1, 2544080895
1, 2544080995
1, 2544081096
1, 2544081203
1, 2544081299
1, 2544081399
1, 2544081499
1, 2544081601
1, 2544081700
1, 2544081800
1, 2544081899
1, 2544082000
1, 2544082100
1, 2544082201
1, 2544082301
1, 2544082401
1, 2544082504
1, 2544082601
1, 2544082737
1, 2544082811
1, 2544082900
1, 2544083001
1, 2544083101
1, 2544083204
1, 2544083304
1, 2544083406
1, 2544083504
1, 2544083604
1, 2544083707
1, 2544083804
1, 2544083905
1, 2544084004
1, 2544084106
1, 2544084205
1, 2544084304
1, 2544084404
1, 2544084505
1, 2544084605
1, 2544084706
1, 2544084806
1, 2544084910
1, 2544085006
1, 2544085106
1, 2544085210
1, 2544085311
1, 2544085410
1, 2544085510
1, 2544085610
1, 2544085712
1, 2544085810
1, 2544085910
1, 2544086031
1, 2544086109
1, 2544086212
1, 2544086309
1, 2544086413
1, 2544086530
1, 2544086609
1, 2544086710
1, 2544086832
1, 2544086910
1, 2544087010
1, 2544087125
1, 2544087210
1, 2544087316
1, 2544087416
1, 2544087518
1, 2544087626
1, 2544087725
1, 2544087816
1, 2544087917
1, 2544088022
1, 2544088141
1, 2544088215
1, 2544088329
1, 2544088429
1, 2544088523
1, 2544088619
1, 2544088716
1, 2544088820
1, 2544088916
1, 2544089016
1, 2544089142
1, 2544089220
1, 2544089321
1, 2544089419
1, 2544089523
1, 2544089620
1, 2544089722
1, 2544089821
1, 2544089920
1, 2544090022
1, 2544090128
1, 2544090241
1, 2544090339
1, 2544090433
1, 2544090555
1, 2544090627
1, 2544090744
1, 2544090839
1, 2544090946
1, 2544091025
1, 2544091122
1, 2544091222
1, 2544091330
1, 2544091425
1, 2544091526
1, 2544091627
1, 2544091751
1, 2544091838
1, 2544091958
1, 2544092037
1, 2544092152
1, 2544092243
1, 2544092344
1, 2544092459
1, 2544092540
1, 2544092644
1, 2544092745
1, 2544092844
1, 2544092945
1, 2544093044
1, 2544093145
1, 2544093245
1, 2544093353
1, 2544093449
1, 2544093553
1, 2544093662
1, 2544093752
1, 2544093847
1, 2544093951
1, 2544094046
1, 2544094153
1, 2544094248
1, 2544094359
1, 2544094440
1, 2544094569
1, 2544094640
1, 2544094732
1, 2544094831
1, 2544094931
1, 2544095033
1, 2544095134
1, 2544095238
1, 2544095337
1, 2544095437
1, 2544095578
1, 2544095636
1, 2544095736
1, 2544095837
1, 2544095937
1, 2544096037
1, 2544096138
1, 2544096238
1, 2544096338
1, 2544096442
1, 2544096563
1, 2544096660
1, 2544096763
1, 2544096853
1, 2544096938
1, 2544097039
1, 2544097140
1, 2544097240
1, 2544097343
1, 2544097442
1, 2544097547
1, 2544097641
1, 2544097741
1, 2544097859
1, 2544097978
1, 2544098053
1, 2544098166
1, 2544098260
1, 2544098373
1, 2544098455
1, 2544098543
1, 2544098679
1, 2544098754
1, 2544098878
1, 2544098952
1, 2544099043
1, 2544099143
1, 2544099243
1, 2544099344
1, 2544099448
1, 2544099547
1, 2544099647
1, 2544099752
1, 2544099875
1, 2544099960
1, 2544100073
1, 2544100170
1, 2544100274
1, 2544100359
1, 2544100480
1, 2544100576
1, 2544100648
1, 2544100748
1, 2544100847
1, 2544100949
1, 2544101077
1, 2544101160
1, 2544101249
1, 2544101371
1, 2544101453
1, 2544101554
1, 2544101654
1, 2544101755
1, 2544101874
1, 2544101953
1, 2544102053
1, 2544102154
1, 2544102253
1, 2544102357
1, 2544102454
1, 2544102554
1, 2544102654
1, 2544102754
1, 2544102857
1, 2544102954
1, 2544103054
1, 2544103154
1, 2544103254
1, 2544103354
1, 2544103459
1, 2544103559
1, 2544103664
1, 2544103759
1, 2544103858
1, 2544103959
1, 2544104088
1, 2544104171
1, 2544104280
1, 2544104372
1, 2544104459
1, 2544104559
1, 2544104658
1, 2544104759
1, 2544104860
1, 2544104989
1, 2544105070
1, 2544105182
1, 2544105275
1, 2544105377
1, 2544105483
1, 2544105577
1, 2544105677
1, 2544105774
1, 2544105891
1, 2544105970
1, 2544106080
1, 2544106181
1, 2544106263
1, 2544106367
1, 2544106462
1, 2544106563
1, 2544106667
1, 2544106763
1, 2544106862
1, 2544106963
1, 2544107064
1, 2544107162
1, 2544107271
1, 2544107367
1, 2544107466
1, 2544107566
1, 2544107667
1, 2544107794
1, 2544107867
1, 2544107969
1, 2544108067
1, 2544108167
1, 2544108268
1, 2544108367
1, 2544108467
1, 2544108568
1, 2544108670
1, 2544108768
1, 2544108868
1, 2544108972
1, 2544109072
1, 2544109172
1, 2544109272
1, 2544109377
1, 2544109472
1, 2544109572
1, 2544109672
1, 2544109771
1, 2544109871
1, 2544109971
1, 2544110072
1, 2544110173
1, 2544110271
1, 2544110373
1, 2544110472
1, 2544110573
1, 2544110672
1, 2544110772
1, 2544110873
1, 2544110977
1, 2544111076
1, 2544111176
1, 2544111277
1, 2544111377
1, 2544111477
1, 2544111579
1, 2544111677
1, 2544111777
1, 2544111877
1, 2544111977
1, 2544112077
1, 2544112181
1, 2544112277
1, 2544112408
1, 2544112491
1, 2544112597
1, 2544112696
1, 2544112807
1, 2544112887
1, 2544112977
1, 2544113080
1, 2544113181
1, 2544113281
1, 2544113380
1, 2544113481
1, 2544113580
1, 2544113680
1, 2544113780
1, 2544113883
1, 2544113980
1, 2544114081
1, 2544114180
1, 2544114280
1, 2544114381
1, 2544114481
1, 2544114581
1, 2544114682
1, 2544114781
1, 2544114881
1, 2544114981
1, 2544115089
1, 2544115184
1, 2544115285
1, 2544115385
1, 2544115486
1, 2544115585
1, 2544115686
1, 2544115787
1, 2544115916
1, 2544115985
1, 2544116085
1, 2544116185
1, 2544116286
1, 2544116385
1, 2544116486
1, 2544116586
1, 2544116686
1, 2544116786
1, 2544116886
1, 2544116989
1, 2544117116
1, 2544117204
1, 2544117290
1, 2544117390
1, 2544117491
1, 2544117590
1, 2544117690
1, 2544117789
1, 2544117890
1, 2544117988
1, 2544118088
1, 2544118190
1, 2544118289
1, 2544118389
1, 2544118488
1, 2544118590
1, 2544118689
1, 2544118790
1, 2544118889
1, 2544118990
1, 2544119098
1, 2544119193
1, 2544119293
1, 2544119392
1, 2544119493
1, 2544119594
1, 2544119693
1, 2544119795
1, 2544119894
1, 2544119994
1, 2544120094
1, 2544120195
1, 2544120294
1, 2544120393
1, 2544120493
1, 2544120593
1, 2544120694
1, 2544120814
1, 2544120893
1, 2544120994
1, 2544121102
1, 2544121198
1, 2544121328
1, 2544121412
1, 2544121532
1, 2544121598
1, 2544121714
1, 2544121799
1, 2544121899
1, 2544121999
1, 2544122100
1, 2544122199
1, 2544122299
1, 2544122399
1, 2544122500
1, 2544122600
1, 2544122700
1, 2544122802
1, 2544122904
1, 2544122999
1, 2544123139
1, 2544123209
1, 2544123302
1, 2544123403
1, 2544123505
1, 2544123608
1, 2544123703
1, 2544123804
1, 2544123904
1, 2544124004
1, 2544124124
1, 2544124210
1, 2544124307
1, 2544124403
1, 2544124503
1, 2544124606
1, 2544124705
1, 2544124804
1, 2544124905
1, 2544125004
1, 2544125103
1, 2544125207
1, 2544125307
1, 2544125409
1, 2544125507
1, 2544125607
1, 2544125707
1, 2544125807
1, 2544125906
1, 2544126007
1, 2544126107
1, 2544126207
1, 2544126307
1, 2544126407
1, 2544126508
1, 2544126607
1, 2544126706
1, 2544126807
1, 2544126908
1, 2544127007
1, 2544127107
1, 2544127216
1, 2544127311
1, 2544127413
1, 2544127511
1, 2544127656
1, 2544127720
1, 2544127813
1, 2544127943
1, 2544128016
1, 2544128112
1, 2544128212
1, 2544128333
1, 2544128423
1, 2544128516
1, 2544128613
1, 2544128712
1, 2544128811
1, 2544128911
1, 2544129011
1, 2544129111
1, 2544129216
1, 2544129316
1, 2544129429
1, 2544129529
1, 2544129624
1, 2544129729
1, 2544129820
1, 2544129916
1, 2544130016
1, 2544130115
1, 2544130219
1, 2544130317
1, 2544130416
1, 2544130516
1, 2544130617
1, 2544130716
1, 2544130815
1, 2544130916
1, 2544131016
1, 2544131116
1, 2544131220
1, 2544131321
1, 2544131426
1, 2544131520
1, 2544131621
1, 2544131753
1, 2544131821
1, 2544131921
1, 2544132021
1, 2544132125
1, 2544132249
1, 2544132328
1, 2544132437
1, 2544132521
1, 2544132646
1, 2544132721
1, 2544132834
1, 2544132928
1, 2544133031
1, 2544133121
1, 2544133225
1, 2544133325
1, 2544133425
1, 2544133525
1, 2544133625
1, 2544133741
1, 2544133825
1, 2544133924
1, 2544134044
1, 2544134125
1, 2544134228
1, 2544134324
1, 2544134444
1, 2544134536
1, 2544134637
1, 2544134724
1, 2544134848
1, 2544134945
1, 2544135034
1, 2544135125
1, 2544135233
1, 2544135334
1, 2544135430
1, 2544135530
1, 2544135629
1, 2544135733
1, 2544135829
1, 2544135929
1, 2544136039
1, 2544136129
1, 2544136229
1, 2544136329
1, 2544136429
1, 2544136533
1, 2544136629
1, 2544136729
1, 2544136857
1, 2544136934
1, 2544137055
1, 2544137137
1, 2544137253
1, 2544137350
1, 2544137447
1, 2544137546
1, 2544137646
1, 2544137747
1, 2544137859
1, 2544137941
1, 2544138051
1, 2544138151
1, 2544138248
1, 2544138332
1, 2544138453
1, 2544138551
1, 2544138645
1, 2544138762
1, 2544138843
1, 2544138967
1, 2544139043
1, 2544139134
1, 2544139234
1, 2544139340
1, 2544139473
1, 2544139536
1, 2544139668
1, 2544139751
1, 2544139838
1, 2544139939
1, 2544140038
1, 2544140138
1, 2544140239
1, 2544140339
1, 2544140438
1, 2544140539
1, 2544140637
1, 2544140764
1, 2544140859
1, 2544140967
1, 2544141056
1, 2544141139
1, 2544141274
1, 2544141343
1, 2544141443
1, 2544141583
1, 2544141653
1, 2544141767
1, 2544141857
1, 2544141964
1, 2544142060
1, 2544142152
1, 2544142278
1, 2544142355
1, 2544142480
1, 2544142548
1, 2544142643
1, 2544142742
1, 2544142843
1, 2544142942
1, 2544143042
1, 2544143143
1, 2544143242
1, 2544143346
1, 2544143448
1, 2544143549
1, 2544143647
1, 2544143747
1, 2544143847
1, 2544143946
1, 2544144047
1, 2544144147
1, 2544144247
1, 2544144347
1, 2544144452
1, 2544144547
1, 2544144683
1, 2544144755
1, 2544144847
1, 2544144947
1, 2544145080
1, 2544145164
1, 2544145272
1, 2544145373
1, 2544145467
1, 2544145594
1, 2544145660
1, 2544145785
1, 2544145850
1, 2544145950
1, 2544146051
1, 2544146156
1, 2544146250
1, 2544146389
1, 2544146451
1, 2544146586
1, 2544146651
1, 2544146751
1, 2544146885
1, 2544146962
1, 2544147080
1, 2544147173
1, 2544147275
1, 2544147363
1, 2544147488
1, 2544147568
1, 2544147699
1, 2544147755
1, 2544147856
1, 2544147955
1, 2544148056
1, 2544148156
1, 2544148294
1, 2544148375
1, 2544148475
1, 2544148563
1, 2544148657
1, 2544148756
1, 2544148857
1, 2544148960
1, 2544149056
1, 2544149156
1, 2544149293
1, 2544149356
1, 2544149459
1, 2544149559
1, 2544149659
1, 2544149759
1, 2544149857
1, 2544149959
1, 2544150058
1, 2544150157
1, 2544150257
1, 2544150355
1, 2544150457
1, 2544150588
1, 2544150666
1, 2544150801
1, 2544150863
1, 2544150955
1, 2544151055
1, 2544151155
1, 2544151255
1, 2544151355
1, 2544151459
1, 2544151558
1, 2544151658
1, 2544151758
1, 2544151857
1, 2544151957
1, 2544152057
1, 2544152157
1, 2544152256
1, 2544152356
1, 2544152457
1, 2544152556
1, 2544152656
1, 2544152756
1, 2544152855
1, 2544152955
1, 2544153055
1, 2544153154
1, 2544153255
1, 2544153354
1, 2544153457
1, 2544153557
1, 2544153657
1, 2544153756
1, 2544153860
1, 2544153957
1, 2544154090
1, 2544154156
1, 2544154255
1, 2544154355
1, 2544154456
1, 2544154555
1, 2544154655
1, 2544154758
1, 2544154854
1, 2544154954
1, 2544155054
1, 2544155154
1, 2544155254
1, 2544155353
1, 2544155457
1, 2544155557
1, 2544155656
1, 2544155756
1, 2544155856
1, 2544155956
1, 2544156056
1, 2544156155
1, 2544156256
1, 2544156355
1, 2544156455
1, 2544156555
1, 2544156655
1, 2544156754
1, 2544156854
1, 2544156954
1, 2544157057
1, 2544157158
1, 2544157253
1, 2544157354
1, 2544157458
1, 2544157558
1, 2544157657
1, 2544157757
1, 2544157857
1, 2544157957
1, 2544158057
1, 2544158156
1, 2544158256
1, 2544158356
1, 2544158457
1, 2544158576
1, 2544158666
1, 2544158757
1, 2544158855
1, 2544158955
1, 2544159055
1, 2544159154
1, 2544159254
1, 2544159354
1, 2544159458
1, 2544159559
1, 2544159657
1, 2544159757
1, 2544159857
1, 2544159957
1, 2544160061
1, 2544160158
1, 2544160261
1, 2544160357
1, 2544160457
1, 2544160557
1, 2544160692
1, 2544160763
1, 2544160886
1, 2544160969
1, 2544161076
1, 2544161166
1, 2544161282
1, 2544161362
1, 2544161458
1, 2544161559
1, 2544161659
1, 2544161758
1, 2544161858
1, 2544161958
1, 2544162057
1, 2544162157
1, 2544162257
1, 2544162358
1, 2544162456
1, 2544162558
1, 2544162656
1, 2544162756
1, 2544162856
1, 2544162955
1, 2544163056
1, 2544163154
1, 2544163255
1, 2544163354
1, 2544163455
1, 2544163558
1, 2544163658
1, 2544163757
1, 2544163857
1, 2544163961
1, 2544164057
1, 2544164156
1, 2544164256
1, 2544164356
1, 2544164459
1, 2544164590
1, 2544164655
1, 2544164755
1, 2544164855
1, 2544164956
1, 2544165096
1, 2544165162
1, 2544165254
1, 2544165354
1, 2544165457
1, 2544165559
1, 2544165659
1, 2544165763
1, 2544165858
1, 2544165958
1, 2544166058
1, 2544166157
1, 2544166258
1, 2544166356
1, 2544166456
0, 0
0, 0
0, 0
0, 0
0, 0
0, 0
0, 0
1, 2544167255
1, 2544167359
1, 2544167455
1, 2544167579
1, 2544167659
1, 2544167758
1, 2544167859
1, 2544167963
1, 2544168058
1, 2544168157
1, 2544168257
1, 2544168358
1, 2544168456
1, 2544168558
1, 2544168659
1, 2544168757
1, 2544168858
1, 2544168958
1, 2544169095
1, 2544169160
1, 2544169255
1, 2544169355
1, 2544169460
1, 2544169585
1, 2544169663
1, 2544169759
1, 2544169858
1, 2544169958
1, 2544170059
1, 2544170158
1, 2544170258
1, 2544170358
1, 2544170458
1, 2544170558
1, 2544170658
1, 2544170758
1, 2544170858
1, 2544170957
1, 2544171058
1, 2544171156
1, 2544171256
1, 2544171356
1, 2544171457
1, 2544171560
1, 2544171661
1, 2544171760
1, 2544171860
1, 2544171961
1, 2544172059
1, 2544172159
1, 2544172260
1, 2544172360
1, 2544172459
1, 2544172558
1, 2544172658
1, 2544172760
1, 2544172859
1, 2544172959
1, 2544173060
1, 2544173159
1, 2544173259
1, 2544173360
1, 2544173459
1, 2544173562
1, 2544173661
1, 2544173761
1, 2544173861
1, 2544173960
1, 2544174060
1, 2544174161
1, 2544174260
1, 2544174359
1, 2544174461
1, 2544174559
1, 2544174659
1, 2544174759
1, 2544174859
1, 2544174958
1, 2544175059
1, 2544175158
1, 2544175259
1, 2544175357
1, 2544175457
1, 2544175558
1, 2544175661
1, 2544175762
1, 2544175862
1, 2544175961
1, 2544176064
1, 2544176163
1, 2544176260
1, 2544176361
1, 2544176460
1, 2544176560
1, 2544176660
1, 2544176759
1, 2544176863
1, 2544176960
1, 2544177060
1, 2544177186
1, 2544177266
1, 2544177383
1, 2544177467
1, 2544177559
1, 2544177662
1, 2544177762
1, 2544177891
1, 2544177978
1, 2544178090
1, 2544178173
1, 2544178289
1, 2544178379
1, 2544178493
1, 2544178561
1, 2544178662
1, 2544178762
1, 2544178862
1, 2544179000
1, 2544179069
1, 2544179194
1, 2544179261
1, 2544179362
1, 2544179490
1, 2544179583
1, 2544179665
1, 2544179765
1, 2544179865
1, 2544179968
1, 2544180065
1, 2544180164
1, 2544180264
1, 2544180364
1, 2544180463
1, 2544180564
1, 2544180662
1, 2544180764
1, 2544180864
1, 2544180962
1, 2544181063
1, 2544181163
1, 2544181303
1, 2544181361
1, 2544181490
1, 2544181562
1, 2544181667
1, 2544181765
1, 2544181867
1, 2544181966
1, 2544182070
1, 2544182165
1, 2544182297
1, 2544182366
1, 2544182465
1, 2544182565
1, 2544182700
1, 2544182776
1, 2544182901
1, 2544182975
1, 2544183106
1, 2544183170
1, 2544183263
1, 2544183363
1, 2544183464
1, 2544183563
1, 2544183666
1, 2544183767
1, 2544183867
1, 2544183967
1, 2544184072
1, 2544184192
1, 2544184273
1, 2544184388
1, 2544184465
1, 2544184570
1, 2544184701
1, 2544184765
1, 2544184871
1, 2544184970
1, 2544185064
1, 2544185164
1, 2544185283
1, 2544185383
1, 2544185478
1, 2544185578
1, 2544185694
1, 2544185770
1, 2544185871
1, 2544185967
1, 2544186069
1, 2544186168
1, 2544186266
1, 2544186371
1, 2544186467
1, 2544186567
1, 2544186667
1, 2544186768
1, 2544186867
1, 2544186966
1, 2544187065
1, 2544187168
1, 2544187276
1, 2544187366
1, 2544187466
1, 2544187566
1, 2544187666
1, 2544187770
1, 2544187871
1, 2544187972
1, 2544188071
1, 2544188171
1, 2544188270
1, 2544188371
1, 2544188468
1, 2544188587
1, 2544188674
1, 2544188778
1, 2544188882
1, 2544188972
1, 2544189068
1, 2544189169
1, 2544189295
1, 2544189365
1, 2544189466
1, 2544189566
1, 2544189668
1, 2544189807
1, 2544189869
1, 2544189969
1, 2544190070
1, 2544190170
1, 2544190270
1, 2544190369
1, 2544190470
1, 2544190584
1, 2544190685
1, 2544190779
1, 2544190870
1, 2544190972
1, 2544191069
1, 2544191171
1, 2544191270
1, 2544191368
1, 2544191468
1, 2544191569
1, 2544191679
1, 2544191773
1, 2544191873
1, 2544191979
1, 2544192072
1, 2544192172
1, 2544192272
1, 2544192372
1, 2544192473
1, 2544192574
1, 2544192688
1, 2544192772
1, 2544192872
1, 2544192995
1, 2544193081
1, 2544193198
1, 2544193276
1, 2544193400
1, 2544193474
1, 2544193586
1, 2544193672
1, 2544193797
1, 2544193872
1, 2544193979
1, 2544194096
1, 2544194184
1, 2544194274
1, 2544194375
1, 2544194484
1, 2544194586
1, 2544194671
1, 2544194779
1, 2544194879
1, 2544194972
1, 2544195076
1, 2544195184
1, 2544195271
1, 2544195379
1, 2544195470
1, 2544195570
1, 2544195673
1, 2544195775
1, 2544195874
1, 2544195986
1, 2544196078
1, 2544196173
1, 2544196277
1, 2544196374
1, 2544196474
1, 2544196574
1, 2544196673
1, 2544196774
1, 2544196879
1, 2544196984
1, 2544197089
1, 2544197186
1, 2544197281
1, 2544197383
1, 2544197474
1, 2544197595
1, 2544197688
1, 2544197795
1, 2544197886
1, 2544198006
1, 2544198086
1, 2544198177
1, 2544198277
1, 2544198397
1, 2544198492
1, 2544198581
1, 2544198676
1, 2544198776
1, 2544198876
1, 2544198974
1, 2544199074
1, 2544199176
1, 2544199295
1, 2544199382
1, 2544199474
1, 2544199574
1, 2544199674
1, 2544199794
1, 2544199878
1, 2544200004
1, 2544200080
1, 2544200186
1, 2544200302
1, 2544200380
1, 2544200477
1, 2544200578
1, 2544200692
1, 2544200777
1, 2544200876
1, 2544200979
1, 2544201076
1, 2544201177
1, 2544201276
1, 2544201376
1, 2544201477
1, 2544201578
1, 2544201679
1, 2544201796
1, 2544201890
1, 2544201987
1, 2544202080
1, 2544202216
1, 2544202291
1, 2544202407
1, 2544202480
1, 2544202594
1, 2544202701
1, 2544202802
1, 2544202900
1, 2544202995
1, 2544203111
1, 2544203204
1, 2544203300
1, 2544203403
1, 2544203478
1, 2544203608
1, 2544203677
1, 2544203780
1, 2544203881
1, 2544203982
1, 2544204081
1, 2544204181
1, 2544204289
1, 2544204388
1, 2544204498
1, 2544204581
1, 2544204681
1, 2544204780
1, 2544204884
1, 2544204981
1, 2544205080
1, 2544205180
1, 2544205281
1, 2544205380
1, 2544205479
1, 2544205581
1, 2544205681
1, 2544205781
1, 2544205884
1, 2544205983
1, 2544206084
1, 2544206185
1, 2544206284
1, 2544206383
1, 2544206483
1, 2544206584
1, 2544206684
1, 2544206783
1, 2544206882
1, 2544206982
1, 2544207085
1, 2544207184
1, 2544207288
1, 2544207382
1, 2544207483
1, 2544207582
1, 2544207683
1, 2544207810
1, 2544207891
1, 2544207985
1, 2544208086
1, 2544208186
1, 2544208287
1, 2544208386
1, 2544208486
1, 2544208585
1, 2544208686
1, 2544208786
1, 2544208888
1, 2544208985
1, 2544209085
1, 2544209202
1, 2544209285
1, 2544209385
1, 2544209485
1, 2544209584
1, 2544209684
1, 2544209783
1, 2544209888
1, 2544209989
1, 2544210088
1, 2544210188
1, 2544210287
1, 2544210389
1, 2544210488
1, 2544210588
1, 2544210687
1, 2544210786
1, 2544210888
1, 2544210987
1, 2544211087
1, 2544211187
1, 2544211287
1, 2544211388
1, 2544211486
1, 2544211588
1, 2544211688
1, 2544211805
1, 2544211887
1, 2544212009
1, 2544212090
1, 2544212192
1, 2544212291
1, 2544212393
1, 2544212491
1, 2544212595
1, 2544212691
1, 2544212792
1, 2544212890
1, 2544212990
1, 2544213091
1, 2544213192
1, 2544213300
1, 2544213403
1, 2544213502
1, 2544213589
1, 2544213690
1, 2544213791
1, 2544213907
1, 2544213999
1, 2544214093
1, 2544214194
1, 2544214294
1, 2544214396
1, 2544214526
1, 2544214593
1, 2544214700
1, 2544214803
1, 2544214915
1, 2544215014
1, 2544215091
1, 2544215222
1, 2544215298
1, 2544215391
1, 2544215493
1, 2544215617
1, 2544215698
1, 2544215822
1, 2544215891
1, 2544215994
1, 2544216097
1, 2544216197
1, 2544216300
1, 2544216418
1, 2544216508
1, 2544216597
1, 2544216696
1, 2544216795
1, 2544216918
1, 2544217004
1, 2544217099
1, 2544217194
1, 2544217294
1, 2544217393
1, 2544217493
1, 2544217592
1, 2544217693
1, 2544217793
1, 2544217892
1, 2544217998
1, 2544218102
1, 2544218199
1, 2544218317
1, 2544218396
1, 2544218497
1, 2544218620
1, 2544218696
1, 2544218816
1, 2544218906
1, 2544219014
1, 2544219096
1, 2544219198
1, 2544219296
1, 2544219395
1, 2544219496
1, 2544219596
1, 2544219699
1, 2544219796
1, 2544219896
1, 2544220031
1, 2544220099
1, 2544220200
1, 2544220301
1, 2544220431
1, 2544220499
1, 2544220601
1, 2544220698
1, 2544220801
1, 2544220898
1, 2544220999
1, 2544221098
1, 2544221200
1, 2544221298
1, 2544221398
1, 2544221498
1, 2544221603
1, 2544221698
1, 2544221797
1, 2544221898
1, 2544222002
1, 2544222101
1, 2544222205
1, 2544222303
1, 2544222402
1, 2544222502
1, 2544222602
1, 2544222703
1, 2544222801
1, 2544222902
1, 2544223001
1, 2544223101
1, 2544223201
1, 2544223301
1, 2544223404
1, 2544223504
1, 2544223601
1, 2544223701
1, 2544223828
1, 2544223916
1, 2544224004
1, 2544224104
1, 2544224204
1, 2544224308
1, 2544224404
1, 2544224509
1, 2544224633
1, 2544224728
1, 2544224821
1, 2544224914
1, 2544225006
1, 2544225103
1, 2544225204
1, 2544225303
1, 2544225403
1, 2544225503
1, 2544225604
1, 2544225704
1, 2544225804
1, 2544225908
1, 2544226005
1, 2544226108
1, 2544226206
1, 2544226306
1, 2544226406
1, 2544226506
1, 2544226606
1, 2544226706
1, 2544226806
1, 2544226906
1, 2544227005
1, 2544227106
1, 2544227205
1, 2544227306
1, 2544227406
1, 2544227505
1, 2544227605
1, 2544227705
1, 2544227807
1, 2544227905
1, 2544228005
1, 2544228109
1, 2544228209
1, 2544228309
1, 2544228412
1, 2544228508
1, 2544228609
1, 2544228713
1, 2544228809
1, 2544228909
1, 2544229010
1, 2544229141
1, 2544229217
1, 2544229310
1, 2544229410
1, 2544229532
1, 2544229611
1, 2544229732
1, 2544229816
1, 2544229912
1, 2544230016
1, 2544230126
1, 2544230226
1, 2544230333
1, 2544230439
1, 2544230529
1, 2544230633
1, 2544230731
1, 2544230821
1, 2544230929
1, 2544231024
1, 2544231142
1, 2544231215
1, 2544231314
1, 2544231413
1, 2544231513
1, 2544231614
1, 2544231713
1, 2544231836
1, 2544231939
1, 2544232018
1, 2544232117
1, 2544232217
1, 2544232317
1, 2544232417
1, 2544232517
1, 2544232617
1, 2544232716
1, 2544232816
1, 2544232916
1, 2544233015
1, 2544233115
1, 2544233216
1, 2544233317
1, 2544233416
1, 2544233515
1, 2544233619
1, 2544233719
1, 2544233818
1, 2544233919
1, 2544234018
1, 2544234118
1, 2544234218
1, 2544234322
1, 2544234418
1, 2544234549
1, 2544234617
1, 2544234718
1, 2544234818
1, 2544234918
1, 2544235018
1, 2544235120
1, 2544235220
1, 2544235323
1, 2544235418
1, 2544235558
1, 2544235632
1, 2544235752
1, 2544235833
1, 2544235920
1, 2544236022
1, 2544236121
1, 2544236224
1, 2544236322
1, 2544236420
1, 2544236520
1, 2544236619
1, 2544236721
1, 2544236825
1, 2544236920
1, 2544237021
1, 2544237119
1, 2544237220
1, 2544237321
1, 2544237420
1, 2544237521
1, 2544237621
1, 2544237723
1, 2544237824
1, 2544237924
1, 2544238023
1, 2544238128
1, 2544238223
1, 2544238324
1, 2544238423
1, 2544238524
1, 2544238626
1, 2544238723
1, 2544238822
1, 2544238922
1, 2544239023
1, 2544239123
1, 2544239223
1, 2544239323
1, 2544239422
1, 2544239523
1, 2544239623
1, 2544239727
1, 2544239827
1, 2544239927
1, 2544240028
1, 2544240126
1, 2544240225
1, 2544240326
1, 2544240428
1, 2544240526
1, 2544240626
1, 2544240725
1, 2544240828
1, 2544240928
1, 2544241028
1, 2544241126
1, 2544241242
1, 2544241326
1, 2544241449
1, 2544241525
1, 2544241625
1, 2544241729
1, 2544241828
1, 2544241929
1, 2544242033
1, 2544242130
1, 2544242232
1, 2544242356
1, 2544242440
1, 2544242571
1, 2544242638
1, 2544242766
1, 2544242831
1, 2544242928
1, 2544243028
1, 2544243127
1, 2544243227
1, 2544243329
1, 2544243427
1, 2544243528
1, 2544243628
1, 2544243732
1, 2544243834
1, 2544243936
1, 2544244031
1, 2544244131
1, 2544244253
1, 2544244354
1, 2544244449
1, 2544244557
1, 2544244648
1, 2544244762
1, 2544244839
1, 2544244955
1, 2544245051
1, 2544245160
1, 2544245247
1, 2544245355
1, 2544245445
1, 2544245547
1, 2544245649
1, 2544245735
1, 2544245860
1, 2544245935
1, 2544246042
1, 2544246147
1, 2544246263
1, 2544246343
1, 2544246458
1, 2544246536
1, 2544246634
1, 2544246734
1, 2544246834
1, 2544246934
1, 2544247034
1, 2544247134
1, 2544247233
1, 2544247337
1, 2544247433
1, 2544247533
1, 2544247634
1, 2544247737
1, 2544247843
1, 2544247937
1, 2544248037
1, 2544248137
1, 2544248237
1, 2544248337
1, 2544248438
1, 2544248538
1, 2544248638
1, 2544248737
1, 2544248836
1, 2544248936
1, 2544249036
1, 2544249136
1, 2544249237
1, 2544249336
1, 2544249439
1, 2544249535
1, 2544249638
1, 2544249739
1, 2544249840
1, 2544249958
1, 2544250039
1, 2544250140
1, 2544250245
1, 2544250340
1, 2544250440
1, 2544250540
1, 2544250640
1, 2544250740
1, 2544250840
1, 2544250939
1, 2544251040
1, 2544251139
1, 2544251239
1, 2544251339
1, 2544251440
1, 2544251540
1, 2544251639
1, 2544251739
1, 2544251843
1, 2544251959
1, 2544252047
1, 2544252142
1, 2544252244
1, 2544252344
1, 2544252444
1, 2544252542
1, 2544252642
1, 2544252744
1, 2544252844
1, 2544252944
1, 2544253046
1, 2544253168
1, 2544253259
1, 2544253367
1, 2544253448
1, 2544253540
1, 2544253652
1, 2544253748
1, 2544253866
1, 2544253954
1, 2544254065
1, 2544254156
1, 2544254261
1, 2544254358
1, 2544254478
1, 2544254550
1, 2544254673
1, 2544254773
1, 2544254863
1, 2544254979
1, 2544255054
1, 2544255166
1, 2544255257
1, 2544255369
1, 2544255454
1, 2544255560
1, 2544255659
1, 2544255766
1, 2544255862
1, 2544255962
1, 2544256065
1, 2544256164
1, 2544256258
1, 2544256365
1, 2544256464
1, 2544256563
1, 2544256660
1, 2544256747
1, 2544256846
1, 2544256947
1, 2544257046
1, 2544257146
1, 2544257246
1, 2544257347
1, 2544257447
1, 2544257546
1, 2544257650
1, 2544257753
1, 2544257859
1, 2544257979
1, 2544258050
1, 2544258150
1, 2544258277
1, 2544258371
1, 2544258490
1, 2544258559
1, 2544258687
1, 2544258761
1, 2544258883
1, 2544258969
1, 2544259086
1, 2544259161
1, 2544259286
1, 2544259357
1, 2544259450
1, 2544259550
1, 2544259650
1, 2544259750
1, 2544259856
1, 2544259954
1, 2544260054
1, 2544260155
1, 2544260254
1, 2544260354
1, 2544260461
1, 2544260555
1, 2544260655
1, 2544260758
1, 2544260854
1, 2544260953
1, 2544261054
1, 2544261155
1, 2544261269
1, 2544261364
1, 2544261453
1, 2544261554
1, 2544261672
1, 2544261754
1, 2544261878
1, 2544261960
1, 2544262056
1, 2544262156
1, 2544262257
1, 2544262363
1, 2544262457
1, 2544262557
1, 2544262656
1, 2544262756
1, 2544262857
1, 2544262983
1, 2544263070
1, 2544263176
1, 2544263265
1, 2544263356
1, 2544263486
1, 2544263566
1, 2544263677
1, 2544263755
1, 2544263855
1, 2544263959
1, 2544264059
1, 2544264161
1, 2544264261
1, 2544264360
1, 2544264460
1, 2544264563
1, 2544264663
1, 2544264759
1, 2544264859
1, 2544264961
1, 2544265059
1, 2544265159
1, 2544265260
1, 2544265361
1, 2544265460
1, 2544265561
1, 2544265660
1, 2544265760
1, 2544265863
1, 2544265964
1, 2544266063
1, 2544266164
1, 2544266263
1, 2544266363
1, 2544266464
1, 2544266563
1, 2544266663
1, 2544266763
1, 2544266864
1, 2544266963
1, 2544267063
1, 2544267163
1, 2544267263
1, 2544267363
1, 2544267463
1, 2544267563
1, 2544267662
1, 2544267762
1, 2544267863
1, 2544267967
1, 2544268066
1, 2544268169
1, 2544268278
1, 2544268393
1, 2544268467
1, 2544268566
1, 2544268666
1, 2544268766
1, 2544268883
1, 2544268966
1, 2544269086
1, 2544269166
1, 2544269266
1, 2544269369
1, 2544269467
1, 2544269565
1, 2544269670
1, 2544269766
1, 2544269866
1, 2544269989
1, 2544270070
1, 2544270170
1, 2544270271
1, 2544270370
1, 2544270470
1, 2544270591
1, 2544270669
1, 2544270786
1, 2544270880
1, 2544270969
1, 2544271069
1, 2544271171
1, 2544271269
1, 2544271368
1, 2544271470
1, 2544271570
1, 2544271672
1, 2544271769
1, 2544271868
1, 2544271971
1, 2544272071
1, 2544272172
1, 2544272277
1, 2544272371
1, 2544272471
1, 2544272572
1, 2544272671
1, 2544272772
1, 2544272872
1, 2544272972
1, 2544273070
1, 2544273170
1, 2544273270
1, 2544273371
1, 2544273471
1, 2544273571
1, 2544273672
1, 2544273770
1, 2544273870
1, 2544273973
1, 2544274075
1, 2544274173
1, 2544274274
1, 2544274399
1, 2544274486
1, 2544274574
1, 2544274674
1, 2544274774
1, 2544274888
1, 2544274981
1, 2544275084
1, 2544275189
1, 2544275273
1, 2544275391
1, 2544275485
1, 2544275573
1, 2544275690
1, 2544275790
1, 2544275893
1, 2544275988
1, 2544276095
1, 2544276189
1, 2544276279
1, 2544276380
1, 2544276479
1, 2544276586
1, 2544276678
1, 2544276792
1, 2544276883
1, 2544276978
1, 2544277079
1, 2544277178
1, 2544277279
1, 2544277378
1, 2544277480
1, 2544277579
1, 2544277678
1, 2544277779
1, 2544277878
1, 2544277995
1, 2544278082
1, 2544278183
1, 2544278284
1, 2544278383
1, 2544278483
1, 2544278581
1, 2544278682
1, 2544278782
1, 2544278899
1, 2544278982
1, 2544279082
1, 2544279181
1, 2544279286
1, 2544279381
1, 2544279481
1, 2544279582
1, 2544279682
1, 2544279781
1, 2544279898
1, 2544279981
1, 2544280085
1, 2544280186
1, 2544280286
1, 2544280385
1, 2544280489
1, 2544280585
1, 2544280686
1, 2544280785
1, 2544280886
1, 2544280986
1, 2544281086
1, 2544281186
1, 2544281285
1, 2544281390
1, 2544281486
1, 2544281586
1, 2544281698
1, 2544281785
1, 2544281885
1, 2544281985
1, 2544282088
1, 2544282188
1, 2544282288
1, 2544282388
1, 2544282488
1, 2544282588
1, 2544282689
1, 2544282790
1, 2544282890
1, 2544283002
1, 2544283089
1, 2544283189
1, 2544283289
1, 2544283388
1, 2544283488
1, 2544283615
1, 2544283697
1, 2544283804
1, 2544283887
1, 2544283987
1, 2544284090
1, 2544284191
1, 2544284290
1, 2544284392
1, 2544284491
1, 2544284592
1, 2544284692
1, 2544284794
1, 2544284895
1, 2544284990
1, 2544285091
1, 2544285196
1, 2544285290
1, 2544285392
1, 2544285495
1, 2544285603
1, 2544285709
1, 2544285806
1, 2544285896
1, 2544285996
1, 2544286113
1, 2544286198
1, 2544286294
1, 2544286395
1, 2544286495
1, 2544286594
1, 2544286695
1, 2544286818
1, 2544286893
1, 2544286993
1, 2544287093
1, 2544287196
1, 2544287304
1, 2544287394
1, 2544287493
1, 2544287593
1, 2544287693
1, 2544287793
1, 2544287911
1, 2544287993
1, 2544288114
1, 2544288214
1, 2544288302
1, 2544288422
1, 2544288504
1, 2544288605
1, 2544288719
1, 2544288797
1, 2544288897
1, 2544289018
1, 2544289121
1, 2544289209
1, 2544289320
1, 2544289419
1, 2544289516
1, 2544289626
1, 2544289707
1, 2544289815
1, 2544289928
1, 2544290012
1, 2544290125
1, 2544290210
1, 2544290300
1, 2544290402
1, 2544290531
1, 2544290615
1, 2544290719
1, 2544290812
1, 2544290918
1, 2544291016
1, 2544291121
1, 2544291203
1, 2544291303
1, 2544291403
1, 2544291502
1, 2544291601
1, 2544291725
1, 2544291827
1, 2544291906
1, 2544292002
1, 2544292102
1, 2544292205
1, 2544292305
1, 2544292405
1, 2544292505
1, 2544292605
1, 2544292705
1, 2544292804
1, 2544292905
1, 2544293004
1, 2544293104
1, 2544293205
1, 2544293309
1, 2544293404
1, 2544293504
1, 2544293604
1, 2544293704
1, 2544293806
1, 2544293904
1, 2544294004
1, 2544294104
1, 2544294210
1, 2544294336
1, 2544294427
0, 0
0, 0
0, 0
0, 0
0, 0
0, 0
0, 0
0, 0
0, 0
0, 0
0, 0
1, 2544295607
1, 2544295710
1, 2544295807
1, 2544295944
1, 2544296016
1, 2544296107
1, 2544296212
1, 2544296310
1, 2544296410
1, 2544296510
1, 2544296611
1, 2544296710
1, 2544296810
1, 2544296911
1, 2544297014
1, 2544297116
1, 2544297211
1, 2544297311
1, 2544297447
1, 2544297518
1, 2544297651
1, 2544297724
1, 2544297836
1, 2544297930
1, 2544298035
1, 2544298134
1, 2544298238
1, 2544298314
1, 2544298416
1, 2544298546
1, 2544298619
1, 2544298718
1, 2544298849
1, 2544298918
1, 2544299014
1, 2544299132
1, 2544299239
1, 2544299321
1, 2544299435
1, 2544299530
1, 2544299636
1, 2544299714
1, 2544299815
1, 2544299915
1, 2544300015
1, 2544300115
1, 2544300214
1, 2544300344
1, 2544300428
1, 2544300517
1, 2544300620
1, 2544300719
1, 2544300851
1, 2544300918
1, 2544301062
1, 2544301120
1, 2544301219
1, 2544301320
1, 2544301420
1, 2544301519
1, 2544301619
1, 2544301721
1, 2544301852
1, 2544301926
1, 2544302048
1, 2544302124
1, 2544302252
1, 2544302331
1, 2544302459
1, 2544302526
1, 2544302656
1, 2544302732
1, 2544302854
1, 2544302930
1, 2544303054
1, 2544303129
1, 2544303246
1, 2544303333
1, 2544303447
1, 2544303528
1, 2544303622
1, 2544303721
1, 2544303826
1, 2544303943
1, 2544304037
1, 2544304136
1, 2544304221
1, 2544304324
1, 2544304424
1, 2544304525
1, 2544304624
1, 2544304725
1, 2544304825
1, 2544304925
1, 2544305024
1, 2544305124
1, 2544305224
1, 2544305323
1, 2544305424
1, 2544305525
1, 2544305624
1, 2544305724
