2543962673, 2543962801
2543962762, 2543962903
2543962959, 2543963106
2543963079, 2543963199
2543963164, 2543963299
2543963282, 2543963411
2543963365, 2543963500
2543963485, 2543963604
2543963569, 2543963700
2543963757, 2543963902
2543963854, 2543963999
2543964060, 2543964105
2543964255, 2543964308
2543964357, 2543964414
2543964459, 2543964505
2543964563, 2543964706
2543964676, 2543964802
2543964860, 2543964906
2543964962, 2543965004
2543965060, 2543965106
2543965159, 2543965204
2543965362, 2543965419
2543965461, 2543965505
2543965661, 2543965704
2543965761, 2543965804
2543965861, 2543965906
2543965961, 2543966005
2543966061, 2543966109
2543966161, 2543966209
2543966261, 2543966309
2543966361, 2543966420
2543966465, 2543966608
2543966566, 2543966708
2543966666, 2543966809
2543966766, 2543966905
2543966866, 2543967007
2543966966, 2543967109
2543967067, 2543967209
2543967167, 2543967309
2543967268, 2543967418
2543967367, 2543967512
2543967467, 2543967607
2543967568, 2543967707
2543967668, 2543967808
2543967768, 2543967907
2543967868, 2543968007
2543967968, 2543968105
2543968068, 2543968212
2543968169, 2543968311
2543968369, 2543968421
2543968478, 2543968615
2543968572, 2543968712
2543968675, 2543968811
2543968800, 2543968915
2543968874, 2543969010
2543968974, 2543969110
2543969073, 2543969212
2543969174, 2543969312
2543969373, 2543969422
2543969475, 2543969611
2543969575, 2543969712
2543969675, 2543969813
2543969775, 2543969913
2543969875, 2543970013
2543969975, 2543970112
2543970076, 2543970219
2543970180, 2543970315
2543970376, 2543970427
2543970479, 2543970617
2543970680, 2543970758
2543970783, 2543970915
2543970880, 2543971016
2543970980, 2543971115
2543971081, 2543971219
2543971182, 2543971313
2543971382, 2543971426
2543971481, 2543971616
2543971580, 2543971717
2543971683, 2543971816
2543971781, 2543971916
2543971882, 2543972015
2543971981, 2543972116
2543972082, 2543972220
2543972181, 2543972320
2543972383, 2543972431
2543972486, 2543972619
2543972686, 2543972724
2543972786, 2543972919
2543972886, 2543973019
2543972987, 2543973120
2543973086, 2543973222
2543973190, 2543973320
2543973389, 2543973430
2543973487, 2543973617
2543973691, 2543973721
2543973787, 2543973919
2543973986, 2543974020
2543974087, 2543974120
2543974188, 2543974224
2543974290, 2543974325
2543974387, 2543974436
2543974491, 2543974524
2543974591, 2543974624
2543974692, 2543974726
2543974792, 2543974824
2543974893, 2543974925
2543974992, 2543975026
2543975092, 2543975127
2543975192, 2543975225
2543975292, 2543975325
2543975392, 2543975434
2543975494, 2543975525
2543975593, 2543975722
2543975795, 2543975823
2543975894, 2543975924
2543976094, 2543976125
2543976294, 2543976328
2543976393, 2543976437
2543976497, 2543976630
2543976601, 2543976726
2543976698, 2543976824
2543976825, 2543976929
2543976916, 2543977030
2543977020, 2543977130
2543977117, 2543977229
2543977225, 2543977328
2543977315, 2543977440
2543977427, 2543977530
2543977516, 2543977631
2543977620, 2543977729
2543977732, 2543977828
2543977813, 2543977929
2543977904, 2543978028
2543978000, 2543978130
2543978100, 2543978232
2543978228, 2543978334
2543978310, 2543978441
2543978421, 2543978532
2543978515, 2543978626
2543978632, 2543978735
2543978710, 2543978834
2543978827, 2543978930
2543978918, 2543979030
2543979020, 2543979130
2543979120, 2543979233
2543979226, 2543979334
2543979321, 2543979442
2543979421, 2543979535
2543979521, 2543979634
2543979631, 2543979735
2543979712, 2543979832
2543979806, 2543979932
2543979909, 2543980037
2543980044, 2543980133
2543980115, 2543980230
2543980223, 2543980336
2543980417, 2543980445
2543980541, 2543980639
2543980626, 2543980737
2543980712, 2543980836
2543980811, 2543980936
2543980911, 2543981036
2543981012, 2543981138
2543981113, 2543981235
2543981320, 2543981339
2543981446, 2543981538
2543981522, 2543981636
2543981648, 2543981736
2543981724, 2543981839
2543981812, 2543981937
2543981925, 2543982038
2543982031, 2543982137
2543982128, 2543982234
2543982216, 2543982337
2543982418, 2543982450
2543982518, 2543982639
2543982619, 2543982739
2543982817, 2543982841
2543982917, 2543982940
2543983017, 2543983044
2543983118, 2543983240
2543983319, 2543983340
2543983418, 2543983453
2543983519, 2543983641
2543983620, 2543983741
2543983719, 2543983839
2543983819, 2543983940
2543984019, 2543984040
2543984224, 2543984245
2543984324, 2543984344
2543984423, 2543984455
2543984624, 2543984642
2543984723, 2543984745
2543984825, 2543984851
2543985024, 2543985047
2543985124, 2543985145
2543985225, 2543985245
2543985325, 2543985345
2543985425, 2543985454
2543985625, 2543985649
2543985725, 2543985745
2543985824, 2543985845
2543985926, 2543985948
2543986026, 2543986143
2543986134, 2543986240
2543986230, 2543986348
2543986331, 2543986461
2543986430, 2543986548
2543986530, 2543986648
2543986630, 2543986746
2543986731, 2543986846
2543986830, 2543986947
2543986931, 2543987045
2543987030, 2543987147
2543987129, 2543987246
2543987230, 2543987348
2543987331, 2543987461
2543987431, 2543987547
2543987534, 2543987647
2543987630, 2543987747
2543987731, 2543987848
2543987831, 2543987948
2543987932, 2543988048
2543988030, 2543988147
2543988135, 2543988248
2543988236, 2543988352
2543988435, 2543988462
2543988536, 2543988652
2543988636, 2543988754
2543988736, 2543988851
2543988835, 2543988955
2543988937, 2543989048
2543989041, 2543989151
2543989136, 2543989251
2543989237, 2543989350
2543989336, 2543989462
2543989437, 2543989550
2543989541, 2543989650
2543989650, 2543989749
2543989764, 2543989852
2543989841, 2543989950
2543989938, 2543990051
2543990039, 2543990152
2543990139, 2543990253
2543990243, 2543990356
2543990443, 2543990465
2543990543, 2543990654
2543990643, 2543990758
2543990843, 2543990861
2543990943, 2543991055
2543991043, 2543991159
2543991143, 2543991253
2543991243, 2543991353
2543991444, 2543991471
2543991542, 2543991659
2543991644, 2543991755
2543991744, 2543991856
2543991843, 2543991956
2543991944, 2543992055
2543992048, 2543992158
2543992144, 2543992259
2543992248, 2543992355
2543992448, 2543992560
2543992548, 2543992659
2543992652, 2543992759
2543992749, 2543992859
2543992849, 2543992963
2543992952, 2543993059
2543993077, 2543993163
2543993249, 2543993265
2543993449, 2543993469
2543993649, 2543993666
2543993749, 2543993760
2543993849, 2543993959
2543993949, 2543994059
2543994049, 2543994158
2543994151, 2543994260
2543994254, 2543994360
2543994453, 2543994476
2543994554, 2543994565
2543994654, 2543994665
2543994755, 2543994765
2543994856, 2543994865
2543994955, 2543994963
2543995055, 2543995065
2543995155, 2543995164
2543995355, 2543995368
2543995455, 2543995474
2543995555, 2543995568
2543995656, 2543995662
2543995761, 2543995865
2543995871, 2543995962
2543995975, 2543996064
2543996072, 2543996163
2543996175, 2543996263
2543996268, 2543996363
2543996360, 2543996476
2543996461, 2543996566
2543996560, 2543996673
2543996661, 2543996770
2543996783, 2543996870
2543996861, 2543996968
2543996982, 2543997069
2543997061, 2543997167
2543997170, 2543997267
2543997261, 2543997368
2543997361, 2543997477
2543997465, 2543997567
2543997562, 2543997669
2543997683, 2543997770
2543997761, 2543997867
2543997861, 2543997964
2543997962, 2543998070
2543998062, 2543998166
2543998163, 2543998269
2543998266, 2543998366
2543998466, 2543998482
2543998566, 2543998673
2543998670, 2543998770
2543998768, 2543998872
2543998869, 2543998971
2543998968, 2543999076
2543999068, 2543999171
2543999167, 2543999271
2543999267, 2543999371
2543999368, 2543999484
2543999495, 2543999573
2543999572, 2543999675
2543999668, 2543999775
2543999804, 2543999875
2543999876, 2543999971
2543999969, 2544000071
2544000097, 2544000172
2544000168, 2544000270
2544000386, 2544000486
2544000505, 2544000579
2544000582, 2544000678
2544000709, 2544000779
2544000772, 2544000879
2544000872, 2544000979
2544000973, 2544001075
2544001073, 2544001175
2544001172, 2544001275
2544001273, 2544001378
2544001473, 2544001486
2544001574, 2544001680
2544001678, 2544001775
2544001774, 2544001878
2544001899, 2544001976
2544001974, 2544002074
2544002074, 2544002176
2544002175, 2544002274
2544002275, 2544002373
2544002478, 2544002486
2544002579, 2544002579
2544002678, 2544002680
2544002778, 2544002781
2544002877, 2544002887
2544002978, 2544002980
2544003078, 2544003081
2544003178, 2544003183
2544003379, 2544003380
2544003479, 2544003491
2544003581, 2544003678
2544003708, 2544003782
2544003800, 2544003880
2544003906, 2544003982
2544003994, 2544004078
2544004180, 2544004180
2544004383, 2544004382
2544004484, 2544004493
2544004683, 2544004688
2544004783, 2544004784
2544004883, 2544004884
2544004984, 2544004984
2544005085, 2544005084
2544005185, 2544005184
2544005284, 2544005284
2544005384, 2544005384
2544005484, 2544005500
2544005584, 2544005584
2544005685, 2544005684
2544005785, 2544005783
2544005986, 2544005984
2544006086, 2544006182
2544006286, 2544006285
2544006390, 2544006495
2544006490, 2544006587
2544006591, 2544006685
2544006691, 2544006784
2544006791, 2544006886
2544006891, 2544006987
2544007012, 2544007088
2544007091, 2544007187
2544007191, 2544007287
2544007292, 2544007387
2544007492, 2544007499
2544007595, 2544007687
2544007691, 2544007787
2544007791, 2544007887
2544007892, 2544007989
2544007992, 2544008086
2544008096, 2544008190
2544008194, 2544008289
2544008293, 2544008390
2544008420, 2544008500
2544008507, 2544008590
2544008618, 2544008694
2544008716, 2544008794
2544008826, 2544008893
2544008897, 2544008987
2544008997, 2544009090
2544009122, 2544009194
2544009209, 2544009291
2544009297, 2544009392
2544009502, 2544009504
2544009622, 2544009693
2544009708, 2544009792
2544009813, 2544009895
2544009914, 2544009995
2544010026, 2544010095
2544010097, 2544010189
2544010197, 2544010290
2544010299, 2544010393
2544010503, 2544010502
2544011012, 2544011097
2544011124, 2544011194
2544011215, 2544011295
2544011505, 2544011506
2544011608, 2544011693
2544011723, 2544011798
2544011804, 2544011895
2544011931, 2544011998
2544016315, 2544016303
2544016415, 2544016402
2544016519, 2544016609
2544016619, 2544016710
2544016725, 2544016810
2544016852, 2544016909
2544016930, 2544017008
2544017038, 2544017109
2544017131, 2544017207
2544017245, 2544017311
2544017341, 2544017410
2544019024, 2544019110
2544019125, 2544019211
2544019226, 2544019311
2544019361, 2544019412
2544019433, 2544019522
2544019542, 2544019614
2544019627, 2544019710
2544019725, 2544019813
2544019826, 2544019910
2544019926, 2544020012
2544020042, 2544020111
2544020133, 2544020208
2544020226, 2544020313
2544020348, 2544020413
2544020450, 2544020520
2544020646, 2544020717
2544020747, 2544020816
2544020848, 2544020917
2544020947, 2544021015
2544021030, 2544021110
2544021230, 2544021315
2544021331, 2544021416
2544021532, 2544021525
2544021631, 2544021715
2544021731, 2544021815
2544021831, 2544021915
2544021932, 2544022015
2544022031, 2544022113
2544022132, 2544022213
2544022252, 2544022315
2544022352, 2544022415
2544022536, 2544022525
2544022637, 2544022718
2544022736, 2544022818
2544022837, 2544022918
2544022941, 2544023018
2544023137, 2544023120
2544023336, 2544023319
2544023437, 2544023419
2544023538, 2544023530
2544023638, 2544023718
2544023838, 2544023821
2544023937, 2544023921
2544024037, 2544024021
2544024139, 2544024218
2544024338, 2544024320
2544024538, 2544024528
2544024643, 2544024618
2544024743, 2544024719
2544024842, 2544024820
2544024943, 2544024923
2544025043, 2544025023
2544025143, 2544025125
2544025243, 2544025224
2544025344, 2544025322
2544025444, 2544025422
2544025544, 2544025532
2544025643, 2544025622
2544025845, 2544025825
2544025944, 2544025923
2544026044, 2544026023
2544026143, 2544026123
2544026345, 2544026324
2544026474, 2544026535
2544026552, 2544026622
2544026671, 2544026724
2544026753, 2544026821
2544026867, 2544026925
2544026963, 2544027026
2544027065, 2544027127
2544027154, 2544027227
2544027251, 2544027326
2544027449, 2544027536
2544027551, 2544027626
2544027649, 2544027730
2544027749, 2544027830
2544027853, 2544027927
2544027950, 2544028026
2544028050, 2544028126
2544028150, 2544028226
2544028249, 2544028326
2544028349, 2544028426
2544028560, 2544028541
2544028685, 2544028730
2544028764, 2544028829
2544028887, 2544028928
2544028967, 2544029029
2544029075, 2544029133
2544029170, 2544029233
2544029271, 2544029331
2544029354, 2544029433
2544029455, 2544029540
2544029555, 2544029631
2544029655, 2544029733
2544029759, 2544029829
2544029863, 2544029931
2544029985, 2544030033
2544030066, 2544030131
2544030180, 2544030234
2544030271, 2544030333
2544030371, 2544030434
2544030471, 2544030544
2544030577, 2544030634
2544030677, 2544030734
2544030773, 2544030834
2544030885, 2544030933
2544030984, 2544031037
2544031079, 2544031135
2544031177, 2544031236
2544031275, 2544031337
2544031394, 2544031434
2544031561, 2544031541
2544031663, 2544031734
2544031763, 2544031838
2544031862, 2544031938
2544031962, 2544032037
2544032061, 2544032139
2544032161, 2544032238
2544032263, 2544032334
2544032378, 2544032439
2544032563, 2544032546
2544032665, 2544032732
2544032767, 2544032836
2544032867, 2544032936
2544032970, 2544033039
2544033168, 2544033140
2544033268, 2544033237
2544033368, 2544033337
2544033472, 2544033550
2544033668, 2544033641
2544033794, 2544033841
2544033886, 2544033939
2544034067, 2544034040
2544034167, 2544034141
2544034367, 2544034339
2544034502, 2544034554
2544034576, 2544034638
2544034706, 2544034743
2544034783, 2544034838
2544034903, 2544034941
2544034988, 2544035044
2544035098, 2544035144
2544035184, 2544035243
2544035298, 2544035343
2544035390, 2544035443
2544035572, 2544035549
2544035703, 2544035746
2544035791, 2544035842
2544035908, 2544035943
2544036072, 2544036044
2544036172, 2544036244
2544036372, 2544036347
2544036588, 2544036564
2544036686, 2544036744
2544036779, 2544036845
2544036877, 2544036947
2544036980, 2544037048
2544037077, 2544037148
2544037177, 2544037248
2544037277, 2544037347
2544037377, 2544037448
2544037477, 2544037556
2544037577, 2544037649
2544037678, 2544037746
2544037789, 2544037847
2544037885, 2544037948
2544037978, 2544038048
2544038104, 2544038149
2544038183, 2544038246
2544038278, 2544038348
2544038378, 2544038448
2544038478, 2544038559
2544038611, 2544038650
2544038687, 2544038746
2544038782, 2544038849
2544038884, 2544038944
2544039012, 2544039044
2544039097, 2544039154
2544039213, 2544039253
2544039302, 2544039353
2544039410, 2544039453
2544039505, 2544039557
2544039623, 2544039650
2544039689, 2544039751
2544039784, 2544039852
2544039884, 2544039948
2544039985, 2544040051
2544040124, 2544040153
2544040194, 2544040249
2544040394, 2544040355
2544040595, 2544040564
2544040713, 2544040755
2544040807, 2544040854
2544040917, 2544040954
2544040999, 2544041055
2544041088, 2544041155
2544041189, 2544041255
2544041289, 2544041354
2544041488, 2544041458
2544041588, 2544041566
2544041689, 2544041754
2544041820, 2544041859
2544041900, 2544041956
2544042013, 2544042054
2544042107, 2544042156
2544042209, 2544042256
2544042289, 2544042353
2544042417, 2544042458
2544042590, 2544042566
2544042690, 2544042754
2544042793, 2544042856
2544042898, 2544042956
2544043093, 2544043057
2544043198, 2544043166
2544043293, 2544043262
2544043421, 2544043461
2544043593, 2544043568
2544043795, 2544043766
2544043895, 2544043860
2544044093, 2544044062
2544044195, 2544044158
2544044294, 2544044357
2544044399, 2544044456
2544044595, 2544044566
2544044799, 2544044759
2544044900, 2544044958
2544045000, 2544045058
2544045200, 2544045165
2544045399, 2544045368
2544045500, 2544045463
2544045599, 2544045577
2544045700, 2544045662
2544045900, 2544045867
2544045999, 2544045962
2544046101, 2544046067
2544046200, 2544046171
2544046299, 2544046261
2544046400, 2544046362
2544046500, 2544046465
2544046600, 2544046571
2544046700, 2544046759
2544046804, 2544046863
2544046907, 2544046962
2544047010, 2544047061
2544047106, 2544047165
2544047209, 2544047266
2544047306, 2544047366
2544047406, 2544047471
2544047506, 2544047575
2544047608, 2544047667
2544047710, 2544047768
2544047806, 2544047867
2544047934, 2544047969
2544048018, 2544048066
2544048136, 2544048169
2544048212, 2544048264
2544048307, 2544048363
2544048434, 2544048467
2544048535, 2544048572
2544048628, 2544048665
2544048729, 2544048766
2544048833, 2544048868
2544048933, 2544048965
2544049026, 2544049068
2544049129, 2544049172
2544049235, 2544049273
2544049311, 2544049368
2544049411, 2544049474
2544049611, 2544049668
2544049740, 2544049770
2544049812, 2544049866
2544049939, 2544049972
2544050021, 2544050069
2544050112, 2544050171
2544050212, 2544050271
2544050312, 2544050369
2544050413, 2544050473
2544050613, 2544050581
2544050749, 2544050773
2544050821, 2544050871
2544050916, 2544050969
2544051017, 2544051068
2544051116, 2544051169
2544051216, 2544051275
2544051318, 2544051375
2544051418, 2544051475
2544051618, 2544051584
2544051722, 2544051775
2544051818, 2544051875
2544051919, 2544051973
2544052018, 2544052073
2544052149, 2544052178
2544052227, 2544052276
2544052347, 2544052373
2544052440, 2544052476
2544052631, 2544052677
2544052822, 2544052778
2544052921, 2544052974
2544053023, 2544053074
2544053122, 2544053173
2544053223, 2544053276
2544053322, 2544053376
2544053425, 2544053478
2544053554, 2544053592
2544053635, 2544053679
2544053822, 2544053783
2544053924, 2544053975
2544054022, 2544054077
2544054123, 2544054178
2544054222, 2544054278
2544054322, 2544054379
2544054422, 2544054478
2544054624, 2544054591
2544054726, 2544054679
2544054928, 2544054881
2544055028, 2544054979
2544055128, 2544055080
2544055228, 2544055182
2544055328, 2544055292
2544055428, 2544055387
2544055528, 2544055482
2544055628, 2544055591
2544055728, 2544055686
2544055828, 2544055782
2544055928, 2544055887
2544056128, 2544056088
2544056228, 2544056182
2544056328, 2544056283
2544056429, 2544056386
2544056531, 2544056589
2544056728, 2544056685
2544056828, 2544056784
2544056934, 2544056983
2544057034, 2544057080
2544057134, 2544057184
2544057234, 2544057287
2544057339, 2544057388
2544057434, 2544057488
2544057535, 2544057598
2544057639, 2544057684
2544057758, 2544057790
2544057833, 2544057893
2544057935, 2544057985
2544058034, 2544058081
2544058136, 2544058186
2544058234, 2544058285
2544058336, 2544058389
2544058435, 2544058487
2544058536, 2544058595
2544058634, 2544058685
2544058734, 2544058786
2544058834, 2544058886
2544058939, 2544058989
2544059038, 2544059086
2544059139, 2544059185
2544059239, 2544059290
2544059340, 2544059390
2544059439, 2544059489
2544059540, 2544059594
2544059639, 2544059689
2544059739, 2544059789
2544059939, 2544059988
2544060039, 2544060089
2544060141, 2544060189
2544060241, 2544060293
2544060339, 2544060393
2544060442, 2544060492
2544060541, 2544060604
2544060642, 2544060693
2544060740, 2544060793
2544060841, 2544060894
2544060946, 2544060994
2544061045, 2544061093
2544061146, 2544061192
2544061246, 2544061297
2544061348, 2544061397
2544062747, 2544062797
2544062947, 2544062996
2544063051, 2544063097
2544063249, 2544063299
2544063350, 2544063399
2544063452, 2544063501
2544063551, 2544063610
2544063650, 2544063702
2544063750, 2544063802
2544063851, 2544063901
2544063954, 2544064000
2544064054, 2544064096
2544064151, 2544064201
2544064250, 2544064302
2544064351, 2544064400
2544064552, 2544064503
2544064651, 2544064703
2544064751, 2544064802
2544064951, 2544064902
2544065156, 2544065101
2544065255, 2544065199
2544065355, 2544065300
2544065456, 2544065409
2544065555, 2544065503
2544065658, 2544065702
2544065856, 2544065804
2544065955, 2544065904
2544066056, 2544066008
2544066156, 2544066103
2544066256, 2544066206
2544066457, 2544066405
2544066561, 2544066616
2544066657, 2544066704
2544066757, 2544066806
2544066857, 2544066905
2544066962, 2544067007
2544067062, 2544067104
2544067162, 2544067203
2544067262, 2544067303
2544067362, 2544067409
2544067462, 2544067508
2544067663, 2544067707
2544067765, 2544067808
2544067961, 2544068006
2544068063, 2544068106
2544068185, 2544068208
2544068262, 2544068304
2544068363, 2544068406
2544068463, 2544068507
2544068671, 2544068618
2544068865, 2544068905
2544068965, 2544069007
2544069066, 2544069104
2544069171, 2544069206
2544069268, 2544069306
2544069367, 2544069410
2544069467, 2544069510
2544069607, 2544069622
2544069676, 2544069712
2544069800, 2544069814
2544069877, 2544069910
2544069997, 2544070014
2544070078, 2544070113
2544070202, 2544070214
2544070273, 2544070311
2544070391, 2544070412
2544070478, 2544070512
2544070668, 2544070620
2544070769, 2544070814
2544070867, 2544070908
2544070971, 2544071008
2544071073, 2544071109
2544071272, 2544071222
2544071478, 2544071417
2544071672, 2544071617
2544071878, 2544071816
2544071988, 2544072016
2544072083, 2544072114
2544072280, 2544072316
2544072374, 2544072415
2544072577, 2544072518
2544072673, 2544072625
2544072784, 2544072816
2544072873, 2544072913
2544072974, 2544073014
2544073078, 2544073112
2544073178, 2544073212
2544073277, 2544073313
2544073479, 2544073418
2544073578, 2544073519
2544073683, 2544073630
2544073879, 2544073819
2544073978, 2544073920
2544074083, 2544074117
2544074203, 2544074221
2544074301, 2544074319
2544074399, 2544074417
2544074507, 2544074520
2544074592, 2544074626
2544074715, 2544074721
2544074794, 2544074818
2544074914, 2544074917
2544075079, 2544075022
2544075183, 2544075218
2544075318, 2544075321
2544075394, 2544075420
2544075507, 2544075523
2544075602, 2544075630
2544075703, 2544075722
2544075799, 2544075822
2544075983, 2544075924
2544076084, 2544076020
2544076218, 2544076225
2544076294, 2544076320
2544076416, 2544076424
2544076583, 2544076524
2544076685, 2544076630
2544076784, 2544076724
2544076883, 2544076822
2544076984, 2544076923
2544077084, 2544077022
2544077188, 2544077222
2544077288, 2544077321
2544077388, 2544077421
2544077488, 2544077529
2544077588, 2544077632
2544077688, 2544077727
2544077789, 2544077829
2544077888, 2544077930
2544077989, 2544078026
2544078089, 2544078126
2544078189, 2544078226
2544078288, 2544078325
2544078389, 2544078425
2544078494, 2544078526
2544078690, 2544078638
2544078822, 2544078828
2544078904, 2544078925
2544079018, 2544079028
2544079101, 2544079124
2544079230, 2544079230
2544079303, 2544079325
2544079394, 2544079426
2544079493, 2544079530
2544079698, 2544079639
2544079793, 2544079827
2544079895, 2544079927
2544080031, 2544080033
2544080106, 2544080129
2544080220, 2544080233
2544080306, 2544080329
2544080394, 2544080429
2544080518, 2544080532
2544080602, 2544080639
2544080722, 2544080734
2544080799, 2544080831
2544080895, 2544080932
2544080995, 2544081032
2544081096, 2544081133
2544081203, 2544081229
2544081299, 2544081329
2544081399, 2544081429
2544081499, 2544081535
2544081700, 2544081644
2544081800, 2544081836
2544081899, 2544081937
2544082000, 2544082031
2544082100, 2544082134
2544082301, 2544082234
2544082401, 2544082335
2544082601, 2544082535
2544082737, 2544082739
2544082900, 2544082935
2544083001, 2544083034
2544083101, 2544083135
2544083304, 2544083235
2544083406, 2544083333
2544083504, 2544083436
2544083604, 2544083541
2544083707, 2544083649
2544083804, 2544083739
2544083905, 2544083840
2544084004, 2544083940
2544084106, 2544084037
2544084205, 2544084140
2544084304, 2544084335
2544084404, 2544084437
2544084605, 2544084538
2544084706, 2544084647
2544084806, 2544084738
2544084910, 2544084840
2544085006, 2544084938
2544085106, 2544085037
2544085210, 2544085139
2544085311, 2544085239
2544085410, 2544085339
2544085510, 2544085441
2544085610, 2544085543
2544085810, 2544085747
2544085910, 2544085842
2544086109, 2544086043
2544086309, 2544086243
2544086413, 2544086440
2544086609, 2544086540
2544086710, 2544086651
2544086910, 2544086842
2544087010, 2544086939
2544087210, 2544087142
2544087316, 2544087341
2544087416, 2544087441
2544087518, 2544087548
2544087626, 2544087656
2544087725, 2544087744
2544087816, 2544087847
2544087917, 2544087947
2544088022, 2544088045
2544088141, 2544088144
2544088215, 2544088246
2544088329, 2544088347
2544088429, 2544088446
2544088523, 2544088545
2544088619, 2544088652
2544088716, 2544088745
2544088820, 2544088846
2544088916, 2544088948
2544089016, 2544089048
2544089142, 2544089148
2544089220, 2544089244
2544089321, 2544089345
2544089419, 2544089446
2544089523, 2544089545
2544089620, 2544089657
2544089722, 2544089748
2544089821, 2544089849
2544089920, 2544089949
2544090022, 2544090046
2544090128, 2544090150
2544090241, 2544090250
2544090339, 2544090353
2544090433, 2544090449
2544090555, 2544090553
2544090627, 2544090658
2544090744, 2544090751
2544090839, 2544090849
2544090946, 2544090949
2544091025, 2544091049
2544091122, 2544091153
2544091222, 2544091253
2544091330, 2544091350
2544091425, 2544091450
2544091526, 2544091550
2544091627, 2544091662
2544091838, 2544091855
2544091958, 2544091956
2544092037, 2544092054
2544092152, 2544092154
2544092243, 2544092256
2544092344, 2544092353
2544092459, 2544092454
2544092540, 2544092556
2544092644, 2544092663
2544092745, 2544092755
2544092844, 2544092852
2544092945, 2544092951
2544093044, 2544093052
2544093145, 2544093153
2544093245, 2544093253
2544093353, 2544093355
2544093449, 2544093454
2544093553, 2544093555
2544093662, 2544093667
2544093752, 2544093753
2544093847, 2544093857
2544093951, 2544093962
2544094046, 2544094060
2544094153, 2544094156
2544094248, 2544094257
2544094359, 2544094360
2544094440, 2544094455
2544094569, 2544094561
2544094732, 2544094667
2544094831, 2544094857
2544094931, 2544094956
2544095033, 2544095057
2544095134, 2544095156
2544095337, 2544095258
2544095437, 2544095455
2544095578, 2544095561
2544095736, 2544095671
2544095937, 2544095868
2544096037, 2544095961
2544096138, 2544096064
2544096238, 2544096160
2544096338, 2544096262
2544096442, 2544096461
2544096563, 2544096565
2544096660, 2544096678
2544096763, 2544096764
2544096938, 2544096864
2544097039, 2544096962
2544097140, 2544097162
2544097240, 2544097260
2544097343, 2544097362
2544097442, 2544097461
2544097547, 2544097561
2544097641, 2544097670
2544097741, 2544097765
2544097859, 2544097867
2544097978, 2544097968
2544098053, 2544098065
2544098166, 2544098167
2544098260, 2544098267
2544098373, 2544098370
2544098455, 2544098466
2544098543, 2544098566
2544098679, 2544098676
2544098754, 2544098764
2544098878, 2544098868
2544098952, 2544098964
2544099043, 2544099064
2544099143, 2544099164
2544099243, 2544099264
2544099344, 2544099364
2544099448, 2544099464
2544099547, 2544099566
2544099647, 2544099677
2544099752, 2544099765
2544099875, 2544099870
2544099960, 2544099967
2544100073, 2544100072
2544100170, 2544100170
2544100274, 2544100271
2544100359, 2544100369
2544100480, 2544100469
2544100576, 2544100571
2544100748, 2544100679
2544100847, 2544100870
2544100949, 2544100969
2544101077, 2544101067
2544101160, 2544101167
2544101249, 2544101268
2544101371, 2544101371
2544101453, 2544101467
2544101554, 2544101571
2544101755, 2544101700
2544101953, 2544101874
2544102053, 2544102071
2544102154, 2544102173
2544102253, 2544102271
2544102357, 2544102372
2544102454, 2544102473
2544102554, 2544102574
2544102754, 2544102684
2544102857, 2544102872
2544102954, 2544102971
2544103054, 2544103073
2544103154, 2544103173
2544103254, 2544103273
2544103354, 2544103373
2544103559, 2544103476
2544103759, 2544103684
2544103959, 2544103878
2544104088, 2544104078
2544104171, 2544104176
2544104372, 2544104378
2544104459, 2544104478
2544104559, 2544104576
2544104759, 2544104695
2544104860, 2544104780
2544104989, 2544104979
2544105070, 2544105079
2544105182, 2544105175
2544105275, 2544105276
2544105377, 2544105378
2544105483, 2544105476
2544105577, 2544105578
2544105677, 2544105685
2544105774, 2544105795
2544105891, 2544105884
2544105970, 2544105980
2544106080, 2544106080
2544106263, 2544106181
2544106462, 2544106380
2544106563, 2544106478
2544106763, 2544106687
2544106862, 2544106780
2544106963, 2544106882
2544107064, 2544106982
2544107162, 2544107079
2544107271, 2544107280
2544107367, 2544107382
2544107466, 2544107484
2544107566, 2544107581
2544107667, 2544107689
2544107794, 2544107784
2544107867, 2544107884
2544107969, 2544107983
2544108067, 2544108091
2544108167, 2544108185
2544108268, 2544108282
2544108367, 2544108384
2544108467, 2544108484
2544108568, 2544108583
2544108670, 2544108689
2544108768, 2544108783
2544108868, 2544108884
2544108972, 2544108984
2544109072, 2544109084
2544109172, 2544109184
2544109272, 2544109284
2544109377, 2544109384
2544109472, 2544109486
2544109572, 2544109588
2544109672, 2544109695
2544109771, 2544109788
2544109871, 2544109888
2544109971, 2544109987
2544110072, 2544110089
2544110173, 2544110191
2544110271, 2544110287
2544110373, 2544110388
2544110472, 2544110488
2544110573, 2544110588
2544110672, 2544110697
2544110772, 2544110787
2544110873, 2544110886
2544110977, 2544110986
2544111076, 2544111087
2544111176, 2544111188
2544111277, 2544111287
2544111377, 2544111388
2544111477, 2544111491
2544111579, 2544111588
2544111777, 2544111698
2544111877, 2544111893
2544111977, 2544111992
2544112077, 2544112092
2544112181, 2544112192
2544112277, 2544112291
2544112408, 2544112392
2544112491, 2544112493
2544112597, 2544112593
2544112696, 2544112702
2544112807, 2544112795
2544112977, 2544112895
2544113080, 2544112994
2544113281, 2544113212
2544113380, 2544113298
2544113481, 2544113402
2544113580, 2544113593
2544113780, 2544113706
2544113883, 2544113798
2544113980, 2544113901
2544114180, 2544114099
2544114381, 2544114299
2544114581, 2544114500
2544114781, 2544114707
2544114981, 2544114900
2544115184, 2544115099
2544115285, 2544115198
2544115385, 2544115298
2544115486, 2544115399
2544115585, 2544115499
2544115686, 2544115597
2544115787, 2544115799
2544115985, 2544115906
2544116085, 2544116002
2544116185, 2544116102
2544116385, 2544116300
2544116486, 2544116401
2544116586, 2544116503
2544116786, 2544116715
2544116886, 2544116803
2544116989, 2544117001
2544117116, 2544117103
2544117204, 2544117201
2544117290, 2544117302
2544117390, 2544117401
2544117491, 2544117500
2544117590, 2544117601
2544117690, 2544117710
2544117789, 2544117801
2544117890, 2544117906
2544117988, 2544118005
2544118088, 2544118104
2544118190, 2544118204
2544118289, 2544118305
2544118389, 2544118404
2544118488, 2544118504
2544118590, 2544118605
2544118689, 2544118706
2544118790, 2544118802
2544118889, 2544118904
2544118990, 2544119003
2544119098, 2544119107
2544119193, 2544119206
2544119293, 2544119303
2544119392, 2544119405
2544119493, 2544119506
2544119594, 2544119602
2544119693, 2544119710
2544119795, 2544119802
2544119894, 2544119908
2544119994, 2544120007
2544120094, 2544120111
2544120195, 2544120207
2544120294, 2544120308
2544120393, 2544120415
2544120493, 2544120511
2544120593, 2544120609
2544120694, 2544120724
2544120814, 2544120811
2544120893, 2544120908
2544120994, 2544121009
2544121102, 2544121109
2544121198, 2544121211
2544121328, 2544121312
2544121412, 2544121412
2544121532, 2544121513
2544121598, 2544121608
2544121799, 2544121719
2544121899, 2544121910
2544121999, 2544122010
2544122199, 2544122114
2544122299, 2544122215
2544122399, 2544122413
2544122500, 2544122513
2544122600, 2544122612
2544122802, 2544122721
2544122904, 2544122913
2544122999, 2544123011
2544123139, 2544123114
2544123209, 2544123214
2544123302, 2544123314
2544123403, 2544123414
2544123505, 2544123509
2544123608, 2544123611
2544123804, 2544123718
2544123904, 2544123915
2544124004, 2544124016
2544124124, 2544124114
2544124307, 2544124219
2544124403, 2544124318
2544124503, 2544124418
2544124606, 2544124517
2544124705, 2544124615
2544124804, 2544124725
2544124905, 2544124816
2544125004, 2544124916
2544125207, 2544125123
2544125307, 2544125218
2544125507, 2544125417
2544125607, 2544125616
2544125807, 2544125727
2544126007, 2544125920
2544126107, 2544126020
2544126207, 2544126127
2544126307, 2544126222
2544126407, 2544126320
2544126607, 2544126529
2544126706, 2544126621
2544126807, 2544126737
2544126908, 2544126826
2544127007, 2544126924
2544127107, 2544127024
2544127216, 2544127221
2544127311, 2544127324
2544127413, 2544127421
2544127511, 2544127521
2544127656, 2544127624
2544127720, 2544127729
2544127813, 2544127821
2544127943, 2544127922
2544128016, 2544128026
2544128112, 2544128126
2544128212, 2544128227
2544128333, 2544128325
2544128423, 2544128425
2544128516, 2544128524
2544128613, 2544128621
2544128811, 2544128738
2544128911, 2544128925
2544129011, 2544129027
2544129111, 2544129124
2544129216, 2544129227
2544129316, 2544129324
2544129429, 2544129427
2544129529, 2544129528
2544129624, 2544129625
2544129729, 2544129737
2544129820, 2544129828
2544129916, 2544129927
2544130016, 2544130025
2544130115, 2544130131
2544130219, 2544130231
2544130317, 2544130330
2544130416, 2544130429
2544130516, 2544130532
2544130617, 2544130632
2544130716, 2544130735
2544130815, 2544130829
2544130916, 2544130928
2544131016, 2544131031
2544131116, 2544131130
2544131220, 2544131233
2544131321, 2544131332
2544131426, 2544131433
2544131520, 2544131532
2544131621, 2544131631
2544131821, 2544131741
2544131921, 2544131929
2544132021, 2544132034
2544132125, 2544132136
2544132249, 2544132235
2544132328, 2544132332
2544132437, 2544132435
2544132521, 2544132535
2544132646, 2544132636
2544132721, 2544132744
2544132834, 2544132837
2544132928, 2544132932
2544133031, 2544133034
2544133121, 2544133131
2544133225, 2544133233
2544133325, 2544133333
2544133425, 2544133434
2544133525, 2544133534
2544133625, 2544133632
2544133825, 2544133743
2544133924, 2544133933
2544134044, 2544134038
2544134228, 2544134139
2544134324, 2544134238
2544134444, 2544134440
2544134536, 2544134538
2544134637, 2544134638
2544134724, 2544134750
2544134848, 2544134841
2544134945, 2544134940
2544135034, 2544135040
2544135125, 2544135139
2544135233, 2544135238
2544135334, 2544135338
2544135430, 2544135440
2544135629, 2544135539
2544135829, 2544135752
2544135929, 2544135840
2544136129, 2544136043
2544136229, 2544136142
2544136329, 2544136244
2544136429, 2544136441
2544136629, 2544136544
2544136729, 2544136750
2544136857, 2544136845
2544136934, 2544136941
2544137055, 2544137041
2544137137, 2544137142
2544137253, 2544137244
2544137350, 2544137343
2544137447, 2544137441
2544137546, 2544137542
2544137646, 2544137640
2544137747, 2544137751
2544137859, 2544137844
2544137941, 2544137943
2544138051, 2544138048
2544138151, 2544138148
2544138248, 2544138246
2544138332, 2544138347
2544138453, 2544138448
2544138551, 2544138548
2544138645, 2544138645
2544138843, 2544138755
2544138967, 2544138948
2544139043, 2544139043
2544139134, 2544139143
2544139234, 2544139244
2544139340, 2544139345
2544139473, 2544139446
2544139536, 2544139544
2544139668, 2544139643
2544139838, 2544139754
2544139939, 2544139944
2544140038, 2544140044
2544140138, 2544140149
2544140239, 2544140246
2544140339, 2544140349
2544140438, 2544140448
2544140539, 2544140550
2544140637, 2544140651
2544140764, 2544140761
2544140859, 2544140852
2544140967, 2544140951
2544141056, 2544141051
2544141139, 2544141148
2544141274, 2544141253
2544141343, 2544141349
2544141443, 2544141450
2544141583, 2544141553
2544141653, 2544141651
2544141767, 2544141761
2544141857, 2544141850
2544141964, 2544141950
2544142060, 2544142051
2544142152, 2544142156
2544142278, 2544142255
2544142355, 2544142355
2544142480, 2544142456
2544142548, 2544142556
2544142643, 2544142656
2544142843, 2544142764
2544142942, 2544142952
2544143042, 2544143051
2544143143, 2544143152
2544143242, 2544143251
2544143346, 2544143353
2544143448, 2544143455
2544143549, 2544143555
2544143847, 2544143760
2544143946, 2544143854
2544144047, 2544143953
2544144247, 2544144157
2544144347, 2544144259
2544144547, 2544144461
2544144683, 2544144660
2544144847, 2544144769
2544144947, 2544144955
2544145080, 2544145060
2544145164, 2544145156
2544145272, 2544145259
2544145373, 2544145360
2544145467, 2544145457
2544145594, 2544145560
2544145660, 2544145659
2544145850, 2544145770
2544145950, 2544145858
2544146051, 2544146057
2544146250, 2544146162
2544146451, 2544146364
2544146651, 2544146566
2544146751, 2544146663
2544146885, 2544146864
2544146962, 2544146961
2544147080, 2544147064
2544147173, 2544147164
2544147275, 2544147264
2544147363, 2544147360
2544147488, 2544147463
2544147568, 2544147561
2544147699, 2544147662
2544147755, 2544147772
2544147856, 2544147860
2544147955, 2544147963
2544148056, 2544148064
2544148156, 2544148167
2544148294, 2544148267
2544148375, 2544148366
2544148475, 2544148465
2544148563, 2544148562
2544148657, 2544148665
2544148857, 2544148776
2544148960, 2544148967
2544149056, 2544149068
2544149156, 2544149166
2544149293, 2544149267
2544149356, 2544149367
2544149459, 2544149468
2544149559, 2544149568
2544149659, 2544149668
2544149759, 2544149776
2544149857, 2544149866
2544149959, 2544149968
2544150058, 2544150068
2544150157, 2544150169
2544150257, 2544150269
2544150355, 2544150370
2544150457, 2544150469
2544150666, 2544150575
2544150863, 2544150783
2544150955, 2544150970
2544151055, 2544151071
2544151155, 2544151168
2544151255, 2544151268
2544151355, 2544151372
2544151459, 2544151468
2544151558, 2544151575
2544151658, 2544151671
2544151857, 2544151779
2544151957, 2544151873
2544152057, 2544152069
2544152157, 2544152168
2544152356, 2544152272
2544152457, 2544152470
2544152556, 2544152573
2544152656, 2544152672
2544152855, 2544152784
2544152955, 2544152970
2544153154, 2544153076
2544153255, 2544153272
2544153354, 2544153373
2544153457, 2544153473
2544153557, 2544153574
2544153657, 2544153673
2544153860, 2544153783
2544153957, 2544153971
2544154090, 2544154076
2544154156, 2544154171
2544154255, 2544154276
2544154456, 2544154376
2544154555, 2544154477
2544154655, 2544154577
2544154758, 2544154677
2544154854, 2544154790
2544154954, 2544154879
2544155054, 2544154977
2544155154, 2544155174
2544155254, 2544155275
2544155457, 2544155376
2544155557, 2544155477
2544155656, 2544155577
2544155756, 2544155678
2544155856, 2544155787
2544155956, 2544155876
2544156056, 2544155975
2544156155, 2544156082
2544156256, 2544156178
2544156355, 2544156282
2544156455, 2544156386
2544156555, 2544156480
2544156655, 2544156582
2544156754, 2544156682
2544156854, 2544156792
2544156954, 2544156887
2544157057, 2544157082
2544157253, 2544157183
2544157354, 2544157280
2544157458, 2544157478
2544157558, 2544157580
2544157657, 2544157679
2544157757, 2544157789
2544157857, 2544157879
2544157957, 2544157982
2544158057, 2544158079
2544158156, 2544158179
2544158256, 2544158285
2544158356, 2544158383
2544158457, 2544158486
2544158576, 2544158587
2544158666, 2544158683
2544158855, 2544158886
2544158955, 2544158987
2544159055, 2544159082
2544159154, 2544159184
2544159254, 2544159283
2544159354, 2544159383
2544159458, 2544159484
2544159559, 2544159585
2544159657, 2544159686
2544159757, 2544159794
2544159857, 2544159888
2544159957, 2544159987
2544160061, 2544160087
2544160158, 2544160187
2544160261, 2544160290
2544160357, 2544160391
2544160457, 2544160487
2544160557, 2544160588
2544160692, 2544160692
2544160763, 2544160798
2544160886, 2544160892
2544160969, 2544160991
2544161076, 2544161091
2544161166, 2544161191
2544161282, 2544161291
2544161362, 2544161389
2544161458, 2544161487
2544161559, 2544161589
2544161659, 2544161687
2544161858, 2544161797
2544161958, 2544161989
2544162057, 2544162088
2544162157, 2544162193
2544162257, 2544162292
2544162358, 2544162392
2544162558, 2544162495
2544162656, 2544162691
2544162856, 2544162801
2544162955, 2544162992
2544163056, 2544163092
2544163154, 2544163192
2544163255, 2544163294
2544163354, 2544163393
2544163455, 2544163493
2544163558, 2544163595
2544163658, 2544163692
2544163857, 2544163803
2544163961, 2544163896
2544164057, 2544164092
2544164156, 2544164193
2544164256, 2544164293
2544164459, 2544164398
2544164655, 2544164599
2544164755, 2544164697
2544164855, 2544164807
2544164956, 2544164997
2544165096, 2544165100
2544165162, 2544165196
2544165354, 2544165300
2544165457, 2544165496
2544165559, 2544165599
2544165659, 2544165700
2544165763, 2544165808
2544165958, 2544165898
2544166058, 2544165997
2544166157, 2544166098
2544166356, 2544166298
2544166456, 2544166402
2544167255, 2544167200
2544167455, 2544167500
2544167579, 2544167604
2544167659, 2544167701
2544167758, 2544167809
2544167859, 2544167900
2544167963, 2544167999
2544168058, 2544168102
2544168157, 2544168200
2544168257, 2544168299
2544168358, 2544168404
2544168456, 2544168503
2544168558, 2544168604
2544169585, 2544169605
2544169663, 2544169707
2544169759, 2544169816
2544169858, 2544169908
2544169958, 2544170008
2544170059, 2544170105
2544170158, 2544170207
2544170258, 2544170307
2544170358, 2544170410
2544170458, 2544170511
2544170558, 2544170608
2544170658, 2544170709
2544170858, 2544170819
2544170957, 2544171008
2544171058, 2544171109
2544171156, 2544171208
2544171256, 2544171308
2544171356, 2544171407
2544171457, 2544171508
2544171560, 2544171611
2544171661, 2544171709
2544171860, 2544171821
2544171961, 2544172009
2544172059, 2544172109
2544172159, 2544172208
2544172260, 2544172307
2544172360, 2544172411
2544172459, 2544172512
2544172558, 2544172613
2544172658, 2544172711
2544172859, 2544172817
2544173360, 2544173313
2544173459, 2544173413
2544173661, 2544173612
2544173861, 2544173827
2544173960, 2544174011
2544174161, 2544174114
2544174260, 2544174311
2544174359, 2544174415
2544174559, 2544174519
2544174659, 2544174625
2544174859, 2544174828
2544174958, 2544174918
2544175059, 2544175026
2544175158, 2544175117
2544175259, 2544175216
2544175357, 2544175319
2544175457, 2544175416
2544175558, 2544175517
2544175661, 2544175618
2544175762, 2544175718
2544175961, 2544175919
2544176064, 2544176119
2544176260, 2544176219
2544176361, 2544176316
2544176460, 2544176419
2544176560, 2544176521
2544176660, 2544176621
2544176759, 2544176721
2544176960, 2544176921
2544177060, 2544177122
2544177186, 2544177221
2544177266, 2544177317
2544177383, 2544177420
2544177559, 2544177523
2544177662, 2544177723
2544177762, 2544177831
2544177891, 2544177925
2544177978, 2544178022
2544178090, 2544178122
2544178173, 2544178219
2544178289, 2544178321
2544178379, 2544178421
2544178493, 2544178525
2544178561, 2544178626
2544178662, 2544178725
2544178762, 2544178835
2544178862, 2544178924
2544179000, 2544179027
2544179069, 2544179122
2544179194, 2544179225
2544179261, 2544179325
2544179362, 2544179425
2544179490, 2544179524
2544179583, 2544179624
2544179665, 2544179726
2544179765, 2544179833
2544179865, 2544179924
2544179968, 2544180024
2544180065, 2544180124
2544180164, 2544180223
2544180264, 2544180325
2544180364, 2544180423
2544180463, 2544180526
2544180564, 2544180627
2544180662, 2544180727
2544180864, 2544180839
2544180962, 2544181026
2544181063, 2544181126
2544181163, 2544181228
2544181303, 2544181328
2544181361, 2544181427
2544181490, 2544181531
2544181562, 2544181627
2544181667, 2544181726
2544181867, 2544181836
2544181966, 2544182029
2544182070, 2544182128
2544182165, 2544182228
2544182297, 2544182332
2544182366, 2544182428
2544182465, 2544182532
2544182565, 2544182635
2544182700, 2544182735
2544182776, 2544182840
2544182901, 2544182933
2544182975, 2544183030
2544183170, 2544183133
2544183263, 2544183231
2544183363, 2544183332
2544183464, 2544183435
2544183666, 2544183634
2544183867, 2544183841
2544183967, 2544183934
2544184072, 2544184132
2544184192, 2544184234
2544184273, 2544184331
2544184465, 2544184434
2544184570, 2544184637
2544184765, 2544184738
2544184871, 2544184937
2544185064, 2544185038
2544185164, 2544185139
2544185283, 2544185335
2544185383, 2544185439
2544185478, 2544185535
2544185578, 2544185638
2544185694, 2544185738
2544185770, 2544185844
2544185871, 2544185935
2544185967, 2544186033
2544186069, 2544186134
2544186168, 2544186234
2544186266, 2544186335
2544186371, 2544186435
2544186467, 2544186545
2544186567, 2544186638
2544186667, 2544186741
2544186867, 2544186855
2544186966, 2544186941
2544187065, 2544187042
2544187168, 2544187237
2544187276, 2544187340
2544187366, 2544187441
2544187466, 2544187538
2544187566, 2544187639
2544187666, 2544187739
2544187770, 2544187848
2544187871, 2544187942
2544187972, 2544188038
2544188071, 2544188137
2544188171, 2544188236
2544188270, 2544188337
2544188371, 2544188437
2544188468, 2544188540
2544188587, 2544188645
2544188674, 2544188741
2544188778, 2544188853
2544188882, 2544188945
2544188972, 2544189040
2544189068, 2544189142
2544189169, 2544189242
2544189295, 2544189344
2544189365, 2544189441
2544189466, 2544189542
2544189566, 2544189644
2544189668, 2544189745
2544189869, 2544189854
2544189969, 2544190042
2544190070, 2544190141
2544190270, 2544190342
2544190369, 2544190442
2544190470, 2544190540
2544190584, 2544190646
2544190779, 2544190749
2544190870, 2544190858
2544190972, 2544191046
2544191069, 2544191146
2544191171, 2544191246
2544191270, 2544191347
2544191368, 2544191449
2544191468, 2544191549
2544191569, 2544191646
2544191679, 2544191750
2544191873, 2544191857
2544191979, 2544192050
2544192072, 2544192150
2544192172, 2544192248
2544192272, 2544192349
2544192372, 2544192448
2544192473, 2544192542
2544192574, 2544192650
2544192688, 2544192750
2544192872, 2544192858
2544192995, 2544193053
2544193081, 2544193153
2544193198, 2544193253
2544193276, 2544193350
2544193474, 2544193454
2544193586, 2544193654
2544193672, 2544193750
2544193872, 2544193860
2544193979, 2544194053
2544194096, 2544194152
2544194184, 2544194252
2544194274, 2544194350
2544194375, 2544194449
2544194484, 2544194552
2544194671, 2544194658
2544194779, 2544194867
2544194879, 2544194955
2544195076, 2544195053
2544195271, 2544195257
2544195470, 2544195456
2544195570, 2544195557
2544195673, 2544195658
2544195775, 2544195755
2544195874, 2544195865
2544195986, 2544196055
2544196173, 2544196158
2544196374, 2544196358
2544196474, 2544196553
2544196673, 2544196658
2544196774, 2544196758
2544196879, 2544196958
2544196984, 2544197058
2544197089, 2544197160
2544197186, 2544197259
2544197281, 2544197356
2544197383, 2544197460
2544197474, 2544197559
2544197595, 2544197660
2544197688, 2544197758
2544197886, 2544197869
2544198006, 2544198060
2544198086, 2544198159
2544198177, 2544198259
2544198277, 2544198358
2544198397, 2544198462
2544198492, 2544198557
2544198581, 2544198662
2544198676, 2544198762
2544198776, 2544198873
2544198876, 2544198962
2544198974, 2544199062
2544199074, 2544199161
2544199176, 2544199262
2544199295, 2544199364
2544199382, 2544199460
2544199474, 2544199562
2544199574, 2544199662
2544199674, 2544199762
2544199878, 2544199876
2544200004, 2544200065
2544200080, 2544200162
2544200186, 2544200262
2544200302, 2544200365
2544200380, 2544200462
2544200477, 2544200562
2544200578, 2544200665
2544200692, 2544200769
2544200876, 2544200876
2544200979, 2544201066
2544201076, 2544201167
2544201177, 2544201266
2544201276, 2544201366
2544201376, 2544201467
2544201477, 2544201569
2544201578, 2544201663
2544201679, 2544201765
2544201796, 2544201879
2544201890, 2544201969
2544201987, 2544202066
2544202080, 2544202166
2544202216, 2544202270
2544202291, 2544202369
2544202407, 2544202467
2544202480, 2544202567
2544202594, 2544202670
2544202701, 2544202770
2544202802, 2544202883
2544202900, 2544202972
2544202995, 2544203071
2544203111, 2544203173
2544203204, 2544203274
2544203300, 2544203370
2544203403, 2544203471
2544203478, 2544203567
2544203677, 2544203677
2544203881, 2544203879
2544203982, 2544204071
2544204081, 2544204171
2544204181, 2544204271
2544204289, 2544204374
2544204388, 2544204474
2544204498, 2544204572
2544204581, 2544204669
2544204780, 2544204782
2544204884, 2544204884
2544204981, 2544204974
2544205080, 2544205078
2544205380, 2544205375
2544205479, 2544205575
2544205581, 2544205674
2544205681, 2544205774
2544205884, 2544205885
2544205983, 2544205975
2544206084, 2544206072
2544206185, 2544206174
2544206284, 2544206276
2544206383, 2544206374
2544206483, 2544206480
2544206584, 2544206581
2544206684, 2544206677
2544206783, 2544206779
2544206882, 2544206891
2544206982, 2544206982
2544207184, 2544207180
2544207382, 2544207380
2544207483, 2544207479
2544207582, 2544207579
2544207683, 2544207777
2544207810, 2544207890
2544207891, 2544207980
2544207985, 2544208079
2544208086, 2544208177
2544208186, 2544208276
2544208287, 2544208379
2544208386, 2544208479
2544208486, 2544208581
2544208585, 2544208681
2544208686, 2544208782
2544208786, 2544208892
2544208888, 2544208987
2544208985, 2544209082
2544209085, 2544209182
2544209202, 2544209286
2544209285, 2544209382
2544209385, 2544209485
2544209485, 2544209583
2544209584, 2544209683
2544209684, 2544209782
2544209888, 2544209896
2544209989, 2544210081
2544210088, 2544210183
2544210188, 2544210282
2544210287, 2544210381
2544210389, 2544210479
2544210488, 2544210580
2544210588, 2544210681
2544210687, 2544210789
2544210888, 2544210897
2544210987, 2544211085
2544211087, 2544211185
2544211287, 2544211386
2544211388, 2544211485
2544211486, 2544211588
2544211588, 2544211688
2544211688, 2544211786
2544211887, 2544211898
2544212009, 2544212090
2544212090, 2544212185
2544212192, 2544212284
2544212291, 2544212386
2544212393, 2544212486
2544212491, 2544212589
2544212595, 2544212683
2544212691, 2544212788
2544212890, 2544212902
2544212990, 2544212990
2544213192, 2544213192
2544213300, 2544213391
2544213403, 2544213488
2544213502, 2544213591
2544213589, 2544213688
2544213690, 2544213790
2544213791, 2544213897
2544213907, 2544213993
2544213999, 2544214090
2544214093, 2544214185
2544214194, 2544214291
2544214294, 2544214390
2544214396, 2544214490
2544214526, 2544214594
2544214593, 2544214689
2544214700, 2544214792
2544214803, 2544214901
2544214915, 2544214991
2544215091, 2544215096
2544215222, 2544215295
2544215391, 2544215396
2544215493, 2544215495
2544215617, 2544215696
2544215698, 2544215795
2544215891, 2544215904
2544215994, 2544215998
2544216097, 2544216194
2544216197, 2544216293
2544216300, 2544216394
2544216418, 2544216498
2544216508, 2544216594
2544216597, 2544216694
2544216696, 2544216794
2544216795, 2544216907
2544216918, 2544217002
2544217004, 2544217097
2544217194, 2544217200
2544217294, 2544217298
2544217393, 2544217400
2544217493, 2544217499
2544217592, 2544217599
2544217793, 2544217799
2544217892, 2544217908
2544217998, 2544218101
2544218102, 2544218201
2544218199, 2544218298
2544218317, 2544218401
2544218396, 2544218500
2544218497, 2544218598
2544218620, 2544218699
2544218696, 2544218802
2544218816, 2544218910
2544218906, 2544218997
2544219014, 2544219105
2544219096, 2544219204
2544219198, 2544219301
2544219296, 2544219399
2544219395, 2544219501
2544219496, 2544219603
2544219596, 2544219705
2544219699, 2544219801
2544219896, 2544219916
2544220031, 2544220104
2544220099, 2544220202
2544220200, 2544220301
2544220301, 2544220404
2544220431, 2544220503
2544220499, 2544220602
2544220601, 2544220701
2544220698, 2544220802
2544220898, 2544220916
2544220999, 2544221106
2544221098, 2544221209
2544221200, 2544221307
2544221298, 2544221406
2544221398, 2544221505
2544221498, 2544221604
2544221603, 2544221704
2544221698, 2544221806
2544221898, 2544221916
2544222002, 2544222110
2544222101, 2544222209
2544222205, 2544222303
2544222303, 2544222405
2544222402, 2544222506
2544222502, 2544222606
2544222602, 2544222706
2544222703, 2544222806
2544222902, 2544222920
2544223001, 2544223111
2544223101, 2544223211
2544223201, 2544223311
2544223301, 2544223411
2544223404, 2544223510
2544223601, 2544223709
2544223701, 2544223807
2544223828, 2544223921
2544225804, 2544225815
2544226005, 2544226016
2544226206, 2544226217
2544226406, 2544226415
2544226506, 2544226514
2544226606, 2544226713
2544226806, 2544226815
2544226906, 2544226932
2544227005, 2544227019
2544227106, 2544227121
2544227205, 2544227219
2544227406, 2544227416
2544227505, 2544227518
2544227605, 2544227626
2544227705, 2544227722
2544227905, 2544227928
2544228005, 2544228120
2544228109, 2544228215
2544228209, 2544228323
2544228309, 2544228421
2544228412, 2544228520
2544228508, 2544228623
2544228609, 2544228720
2544228713, 2544228822
2544228809, 2544228932
2544228909, 2544229023
2544229010, 2544229126
2544229141, 2544229226
2544229217, 2544229327
2544229310, 2544229425
2544229410, 2544229522
2544229532, 2544229623
2544229611, 2544229720
2544229732, 2544229826
2544229912, 2544229937
2544230016, 2544230119
2544230126, 2544230221
2544230226, 2544230325
2544230333, 2544230423
2544230439, 2544230523
2544230529, 2544230625
2544230633, 2544230723
2544230731, 2544230825
2544230821, 2544230934
2544230929, 2544231029
2544231024, 2544231130
2544231142, 2544231230
2544231215, 2544231327
2544231314, 2544231429
2544231413, 2544231528
2544231513, 2544231628
2544231614, 2544231728
2544231713, 2544231827
2544231836, 2544231938
2544231939, 2544232028
2544232018, 2544232127
2544232117, 2544232227
2544232217, 2544232330
2544232317, 2544232429
2544232417, 2544232528
2544232517, 2544232628
2544232617, 2544232727
2544232716, 2544232830
2544232816, 2544232941
2544232916, 2544233032
2544233015, 2544233130
2544233115, 2544233231
2544233216, 2544233329
2544233317, 2544233432
2544233416, 2544233532
2544233515, 2544233634
2544233619, 2544233729
2544233818, 2544233834
2544233919, 2544233940
2544234018, 2544234130
2544234118, 2544234231
2544234218, 2544234329
2544234418, 2544234434
2544234617, 2544234634
2544234718, 2544234829
2544234918, 2544234939
2544235120, 2544235137
2544235220, 2544235236
2544235418, 2544235436
2544235558, 2544235638
2544235632, 2544235734
2544235752, 2544235837
2544235833, 2544235948
2544235920, 2544236037
2544236022, 2544236137
2544236121, 2544236234
2544236224, 2544236337
2544236322, 2544236437
2544236420, 2544236538
2544236520, 2544236636
2544236619, 2544236735
2544236721, 2544236836
2544236825, 2544236943
2544236920, 2544237039
2544237021, 2544237139
2544237119, 2544237242
2544237220, 2544237342
2544237321, 2544237442
2544237420, 2544237542
2544237521, 2544237642
2544237621, 2544237739
2544237723, 2544237839
2544237824, 2544237951
2544237924, 2544238041
2544238023, 2544238140
2544238128, 2544238237
2544238223, 2544238340
2544238324, 2544238442
2544238423, 2544238539
2544238524, 2544238638
2544238626, 2544238738
2544238723, 2544238839
2544238822, 2544238951
2544238922, 2544239043
2544239023, 2544239142
2544239123, 2544239242
2544239223, 2544239344
2544239323, 2544239446
2544239422, 2544239544
2544239523, 2544239642
2544239623, 2544239741
2544239727, 2544239841
2544239927, 2544239952
2544240028, 2544240144
2544240126, 2544240242
2544240225, 2544240347
2544240326, 2544240443
2544240428, 2544240543
2544240526, 2544240644
2544240626, 2544240743
2544240725, 2544240843
2544240828, 2544240952
2544240928, 2544241045
2544241028, 2544241150
2544241126, 2544241249
2544241242, 2544241350
2544241326, 2544241445
2544241449, 2544241547
2544241525, 2544241647
2544241625, 2544241751
2544241729, 2544241847
2544241929, 2544241958
2544242033, 2544242148
2544242232, 2544242250
2544242356, 2544242450
2544242440, 2544242550
2544242571, 2544242650
2544242638, 2544242749
2544242766, 2544242850
2544242928, 2544242958
2544243028, 2544243151
2544243127, 2544243252
2544243227, 2544243347
2544243427, 2544243454
2544243528, 2544243554
2544243628, 2544243651
2544243732, 2544243850
2544243834, 2544243963
2544243936, 2544244052
2544244031, 2544244151
2544244131, 2544244254
2544244253, 2544244356
2544244354, 2544244455
2544244449, 2544244553
2544244557, 2544244654
2544244648, 2544244754
2544244762, 2544244853
2544244839, 2544244958
2544244955, 2544245050
2544245051, 2544245158
2544245160, 2544245260
2544245247, 2544245358
2544245355, 2544245458
2544245445, 2544245557
2544245547, 2544245656
2544245649, 2544245756
2544245735, 2544245856
2544245860, 2544245964
2544245935, 2544246055
2544246042, 2544246155
2544246147, 2544246254
2544246263, 2544246358
2544246343, 2544246457
2544246458, 2544246555
2544246536, 2544246654
2544246634, 2544246757
2544246734, 2544246855
2544246834, 2544246960
2544246934, 2544247058
2544247034, 2544247157
2544247134, 2544247257
2544247233, 2544247358
2544247337, 2544247461
2544247433, 2544247561
2544247533, 2544247662
2544247634, 2544247762
2544247737, 2544247863
2544247843, 2544247974
2544247937, 2544248061
2544248037, 2544248159
2544248137, 2544248260
2544248237, 2544248362
2544248337, 2544248463
2544248438, 2544248560
2544248538, 2544248659
2544248638, 2544248763
2544248737, 2544248861
2544248836, 2544248973
2544248936, 2544249058
2544249036, 2544249160
2544249136, 2544249261
2544249237, 2544249360
2544249336, 2544249467
2544249439, 2544249562
2544249535, 2544249663
2544249638, 2544249767
2544249739, 2544249863
2544249840, 2544249973
2544249958, 2544250066
2544250039, 2544250167
2544250140, 2544250261
2544250245, 2544250360
2544250340, 2544250465
2544250440, 2544250561
2544250540, 2544250665
2544250640, 2544250767
2544250740, 2544250863
2544250939, 2544250990
2544251040, 2544251162
2544251139, 2544251263
2544251239, 2544251360
2544251339, 2544251465
2544251440, 2544251565
2544251540, 2544251669
2544251639, 2544251766
2544251739, 2544251867
2544251843, 2544251979
2544251959, 2544252070
2544252047, 2544252166
2544252142, 2544252267
2544252244, 2544252367
2544252344, 2544252467
2544252444, 2544252564
2544252542, 2544252666
2544252642, 2544252767
2544252744, 2544252867
2544252944, 2544252977
2544253046, 2544253166
2544253168, 2544253269
2544253259, 2544253370
2544253448, 2544253471
2544253540, 2544253673
2544253652, 2544253767
2544253748, 2544253870
2544253954, 2544254040
2544254065, 2544254169
2544254156, 2544254269
2544254261, 2544254373
2544254358, 2544254471
2544254478, 2544254572
2544254550, 2544254670
2544254673, 2544254770
2544254773, 2544254871
2544254863, 2544254978
2544254979, 2544255073
2544255054, 2544255170
2544255166, 2544255271
2544255257, 2544255373
2544255369, 2544255473
2544255454, 2544255574
2544255560, 2544255673
2544255659, 2544255774
2544255766, 2544255875
2544255862, 2544255982
2544255962, 2544256075
2544256065, 2544256174
2544256164, 2544256273
2544256258, 2544256376
2544256365, 2544256477
2544256464, 2544256573
2544256563, 2544256674
2544256747, 2544256781
2544256846, 2544256876
2544256947, 2544256981
2544257046, 2544257074
2544257146, 2544257177
2544257347, 2544257469
2544257546, 2544257577
2544257650, 2544257782
2544257753, 2544257881
2544257859, 2544257987
2544257979, 2544258082
2544258050, 2544258179
2544258150, 2544258278
2544258277, 2544258380
2544258371, 2544258481
2544258490, 2544258579
2544258559, 2544258677
2544258687, 2544258782
2544258761, 2544258878
2544258883, 2544258987
2544258969, 2544259080
2544259086, 2544259179
2544259161, 2544259275
2544259286, 2544259380
2544259357, 2544259479
2544259450, 2544259580
2544259550, 2544259682
2544259650, 2544259780
2544259750, 2544259882
2544259856, 2544259988
2544259954, 2544260080
2544260054, 2544260183
2544260155, 2544260280
2544260254, 2544260382
2544260354, 2544260481
2544260461, 2544260582
2544260555, 2544260684
2544260655, 2544260782
2544260758, 2544260882
2544260854, 2544260992
2544260953, 2544261079
2544261054, 2544261182
2544261155, 2544261281
2544261269, 2544261381
2544261364, 2544261483
2544261453, 2544261588
2544261554, 2544261686
2544261672, 2544261788
2544261754, 2544261884
2544261960, 2544261999
2544262156, 2544262187
2544262257, 2544262387
2544262457, 2544262489
2544262557, 2544262683
2544262656, 2544262784
2544262756, 2544262888
2544262857, 2544262998
2544262983, 2544263089
2544263070, 2544263190
2544263176, 2544263288
2544263265, 2544263388
2544263356, 2544263485
2544263486, 2544263591
2544263566, 2544263689
2544263755, 2544263793
2544263855, 2544263893
2544263959, 2544264000
2544264059, 2544264090
2544264261, 2544264291
2544264360, 2544264390
2544264460, 2544264490
2544264563, 2544264592
2544264663, 2544264789
2544264961, 2544264996
2544265059, 2544265188
2544265159, 2544265289
2544265260, 2544265390
2544265361, 2544265490
2544265561, 2544265597
2544265660, 2544265698
2544265760, 2544265794
2544265863, 2544266004
2544265964, 2544266101
2544266063, 2544266195
2544266164, 2544266296
2544266363, 2544266397
2544266464, 2544266598
2544266663, 2544266699
2544266763, 2544266897
2544266864, 2544267010
2544266963, 2544267094
2544267063, 2544267193
2544267163, 2544267297
2544267263, 2544267398
2544267363, 2544267496
2544267463, 2544267595
2544267662, 2544267701
2544267762, 2544267801
2544267863, 2544268007
2544267967, 2544268096
2544268066, 2544268197
2544268169, 2544268299
2544268278, 2544268399
2544268393, 2544268502
2544268467, 2544268602
2544268566, 2544268702
2544268666, 2544268801
2544268766, 2544268902
2544268883, 2544269010
2544268966, 2544269100
2544269086, 2544269199
2544269166, 2544269301
2544269266, 2544269398
2544269369, 2544269495
2544269467, 2544269598
2544269565, 2544269706
2544269670, 2544269802
2544269766, 2544269903
2544269866, 2544270012
2544269989, 2544270107
2544270070, 2544270201
2544270170, 2544270301
2544270271, 2544270400
2544270370, 2544270502
2544270470, 2544270603
2544270591, 2544270706
2544270669, 2544270802
2544270786, 2544270905
2544270969, 2544271017
2544271069, 2544271203
2544271171, 2544271299
2544271269, 2544271402
2544271368, 2544271500
2544271470, 2544271603
2544271570, 2544271707
2544271672, 2544271807
2544271769, 2544271907
2544271971, 2544272019
2544272071, 2544272205
2544272172, 2544272307
2544272277, 2544272406
2544272371, 2544272505
2544272471, 2544272605
2544272572, 2544272706
2544272671, 2544272809
2544272772, 2544272908
2544272972, 2544273019
2544273070, 2544273205
2544273170, 2544273307
2544273270, 2544273405
2544273371, 2544273503
2544273471, 2544273605
2544273571, 2544273709
2544273672, 2544273809
2544273770, 2544273909
2544273973, 2544274020
2544274075, 2544274113
2544274173, 2544274310
2544274274, 2544274409
2544274399, 2544274511
2544274574, 2544274708
2544274674, 2544274810
2544274774, 2544274908
2544274888, 2544275023
2544274981, 2544275112
2544275084, 2544275213
2544275189, 2544275311
2544275273, 2544275408
2544275391, 2544275512
2544275573, 2544275618
2544275690, 2544275815
2544275790, 2544275917
2544275893, 2544276023
2544275988, 2544276118
2544276095, 2544276215
2544276189, 2544276313
2544276279, 2544276414
2544276380, 2544276517
2544276479, 2544276613
2544276586, 2544276718
2544276678, 2544276816
2544276792, 2544276915
2544276883, 2544277023
2544276978, 2544277117
2544277079, 2544277215
2544277178, 2544277315
2544277279, 2544277417
2544277378, 2544277518
2544277480, 2544277615
2544277579, 2544277717
2544277678, 2544277821
2544277779, 2544277921
2544277878, 2544278028
2544277995, 2544278120
2544278082, 2544278217
2544278183, 2544278316
2544278284, 2544278416
2544278383, 2544278517
2544278483, 2544278618
2544278581, 2544278718
2544278682, 2544278817
2544278782, 2544278918
2544278899, 2544279028
2544278982, 2544279116
2544279082, 2544279215
2544279181, 2544279317
2544279286, 2544279418
2544279381, 2544279519
2544279481, 2544279620
2544279582, 2544279722
2544279682, 2544279822
2544279781, 2544279922
2544279981, 2544280035
2544280085, 2544280225
2544280186, 2544280325
2544280286, 2544280422
2544280385, 2544280523
2544280489, 2544280624
2544280585, 2544280722
2544280686, 2544280822
2544280785, 2544280922
2544280886, 2544281032
2544280986, 2544281123
2544281086, 2544281220
2544281186, 2544281320
2544281285, 2544281420
2544281390, 2544281520
2544281486, 2544281622
2544281586, 2544281721
2544281698, 2544281828
2544281785, 2544281926
2544281985, 2544282038
2544282088, 2544282226
2544282188, 2544282327
2544282288, 2544282425
2544282388, 2544282526
2544282488, 2544282628
2544282588, 2544282727
2544282689, 2544282824
2544282790, 2544282922
2544282890, 2544283031
2544283002, 2544283129
2544283089, 2544283228
2544283189, 2544283326
2544283289, 2544283423
2544283388, 2544283525
2544283488, 2544283623
2544283615, 2544283728
2544283697, 2544283833
2544283887, 2544283939
2544283987, 2544284040
2544284090, 2544284231
2544284191, 2544284329
2544284290, 2544284430
2544284392, 2544284530
2544284491, 2544284631
2544284592, 2544284731
2544284692, 2544284830
2544284794, 2544284931
2544284990, 2544285038
2544285091, 2544285129
2544285290, 2544285333
2544285392, 2544285529
2544285495, 2544285630
2544285603, 2544285731
2544285709, 2544285836
2544285806, 2544285934
2544285896, 2544286040
2544285996, 2544286134
2544286113, 2544286236
2544286294, 2544286337
2544286395, 2544286437
2544286695, 2544286838
2544286893, 2544286937
2544286993, 2544287042
2544287093, 2544287135
2544287196, 2544287337
2544287394, 2544287437
2544287493, 2544287535
2544287593, 2544287637
2544287693, 2544287736
2544287793, 2544287839
2544287993, 2544288046
2544288114, 2544288241
2544288214, 2544288339
2544288302, 2544288438
2544288422, 2544288542
2544288504, 2544288639
2544288605, 2544288740
2544288719, 2544288843
2544288797, 2544288942
2544288897, 2544289049
2544289018, 2544289141
2544289121, 2544289244
2544289209, 2544289338
2544289320, 2544289439
2544289419, 2544289541
2544289516, 2544289640
2544289626, 2544289742
2544289707, 2544289845
2544289815, 2544289944
2544289928, 2544290056
2544290012, 2544290146
2544290125, 2544290244
2544290210, 2544290344
2544290300, 2544290444
2544290402, 2544290543
2544290531, 2544290644
2544290615, 2544290744
2544290719, 2544290845
2544290812, 2544290941
2544290918, 2544291050
2544291016, 2544291142
2544291121, 2544291245
2544291203, 2544291341
2544291303, 2544291440
2544291403, 2544291539
2544292605, 2544292649
2544292804, 2544292855
2544293004, 2544293056
2544293104, 2544293244
2544293205, 2544293350
2544293309, 2544293448
2544293404, 2544293550
2544293504, 2544293644
2544295607, 2544295754
2544295710, 2544295852
2544295807, 2544295955
2544295944, 2544296067
2544296107, 2544296157
2544296310, 2544296356
2544296410, 2544296454
2544296510, 2544296556
2544296611, 2544296753
2544296710, 2544296851
2544296810, 2544296952
2544296911, 2544297065
2544297014, 2544297161
2544297116, 2544297258
2544300428, 2544300563
2544300517, 2544300663
2544300620, 2544300763
2544300719, 2544300865
2544300851, 2544300964
2544300918, 2544301071
2544301062, 2544301166
2544301120, 2544301263
2544301219, 2544301363
2544301320, 2544301461
2544301420, 2544301562
2544301519, 2544301665
2544301619, 2544301764
2544301721, 2544301863
2544301852, 2544301970
2544301926, 2544302082
2544302048, 2544302171
2544302124, 2544302266
2544302252, 2544302369
2544302331, 2544302466
2544302459, 2544302567
2544302526, 2544302664
2544302656, 2544302768
2544302732, 2544302868
2544302854, 2544302968
2544302930, 2544303078
2544303054, 2544303168
2544303129, 2544303269
2544303246, 2544303369
2544303333, 2544303468
2544303447, 2544303569
2544303528, 2544303668
2544303622, 2544303764
2544303721, 2544303867
2544303826, 2544303972
2544303943, 2544304081
2544304037, 2544304173
2544304136, 2544304273
2544304221, 2544304374
2544304324, 2544304472
2544304424, 2544304570
2544304525, 2544304672
2544304624, 2544304769
2544304725, 2544304873
2544304825, 2544304973
2544304925, 2544305077
2544305024, 2544305171
2544305124, 2544305272
2544305224, 2544305374
2544305323, 2544305470
2544305424, 2544305570
2544305525, 2544305671
2544305624, 2544305769
2544305724, 2544305871
